/*--------------------------------*- C++ -*----------------------------------*\
| =========                 |                                                 |
| \\      /  F ield         | OpenFOAM: The Open Source CFD Toolbox           |
|  \\    /   O peration     | Version:  v2012                                 |
|   \\  /    A nd           | Website:  www.openfoam.com                      |
|    \\/     M anipulation  |                                                 |
\*---------------------------------------------------------------------------*/
FoamFile
{
    version     2.0;
    format      ascii;
    class       volVectorField;
    location    "48";
    object      Nb;
}
// * * * * * * * * * * * * * * * * * * * * * * * * * * * * * * * * * * * * * //

dimensions      [1 -2 -1 0 0 0 0];


internalField   nonuniform List<vector> 
3200
(
(-0 -0 -3.41354e-19)
(-0 -0 -3.40084e-19)
(-0 -0 5.10337e-19)
(-0 -0 1.53906e-18)
(-0 -0 -1.19898e-18)
(-0 -0 -3.08616e-18)
(-0 -0 3.60243e-18)
(-0 -0 -3.41778e-19)
(-0 -0 -3.46436e-19)
(-0 -0 6.89485e-19)
(-0 -0 -1.70254e-19)
(-0 -0 1.03592e-18)
(-0 -0 -2.06845e-18)
(-0 -0 -1.55685e-18)
(-0 -0 1.38066e-18)
(-0 -0 -1.76183e-19)
(-0 -0 -3.43472e-19)
(-0 -0 6.95414e-19)
(-0 -0 -3.48978e-19)
(-0 -0 -1.7343e-18)
(-0 -0 4.69426e-18)
(-0 -0 1.7703e-19)
(-0 -0 -5.05128e-18)
(-0 -0 1.57125e-18)
(-0 -0 1.21973e-18)
(-0 -0 1.57336e-18)
(-0 -0 -1.74743e-18)
(-0 -0 1.22142e-18)
(-0 -0 -7.02614e-19)
(-0 -0 3.50672e-19)
(-0 -0 -1.57633e-18)
(-0 -0 2.45851e-18)
(-0 -0 -2.81469e-18)
(-0 -0 1.58183e-18)
(-0 -0 -1.40777e-18)
(-0 -0 1.23497e-18)
(-0 -0 -1.79147e-19)
(-0 -0 -1.27055e-21)
(-0 -0 -1.41582e-18)
(-0 -0 -7.07273e-19)
(-0 -0 2.48223e-18)
(-0 -0 -2.12605e-18)
(-0 -0 7.06425e-19)
(-0 -0 -1.7703e-19)
(-0 -0 -2.11758e-21)
(-0 -0 1.75336e-19)
(-0 -0 -1.24471e-18)
(-0 -0 2.85281e-18)
(-0 -0 -1.42894e-18)
(-0 -0 -3.57024e-19)
(-0 -0 -1.81689e-19)
(-0 -0 -1.79571e-19)
(-0 -0 2.32976e-18)
(-0 -0 5.36172e-19)
(-0 -0 -1.97486e-18)
(-0 -0 -2.15739e-18)
(-0 -0 1.07997e-18)
(-0 -0 3.6253e-19)
(-0 -0 1.08039e-18)
(-0 -0 1.98121e-18)
(-0 -0 -5.39136e-19)
(-0 -0 -1.0859e-18)
(-0 -0 -1.44504e-18)
(-0 -0 1.78724e-19)
(-0 -0 -1.81053e-18)
(-0 -0 1.26631e-18)
(-0 -0 5.42101e-19)
(-0 -0 5.4676e-19)
(-0 -0 -9.06749e-19)
(-0 -0 -1.81265e-19)
(-0 -0 2.18662e-18)
(-0 -0 -3.64648e-19)
(-0 -0 1.84653e-19)
(-0 -0 -3.67189e-19)
(-0 -0 -1.64663e-18)
(-0 -0 1.46156e-18)
(-0 -0 1.09606e-18)
(-0 -0 -1.83086e-18)
(-0 -0 7.3226e-19)
(-0 -0 -9.16913e-19)
(-0 -0 -7.34378e-19)
(-0 -0 2.39202e-18)
(-0 -0 -1.65934e-18)
(-0 -0 1.47426e-18)
(-0 -0 2.58049e-18)
(-0 -0 -3.32376e-18)
(-0 -0 5.56077e-19)
(-0 -0 -7.37342e-19)
(-0 -0 -7.3946e-19)
(-0 -0 1.85288e-18)
(-0 -0 -1.27055e-21)
(-0 -0 -2.60081e-18)
(-0 -0 2.41574e-18)
(-0 -0 -2.42209e-18)
(-0 -0 7.4793e-19)
(-0 -0 -3.73542e-19)
(-0 -0 5.62006e-19)
(-0 -0 2.05405e-18)
(-0 -0 -1.68136e-18)
(-0 -0 7.48354e-19)
(-0 -0 2.11758e-21)
(-0 -0 -3.72271e-19)
(-0 -0 -3.00104e-18)
(-0 -0 3.37839e-18)
(-0 -0 -2.06973e-18)
(-0 -0 3.79047e-19)
(-0 -0 -7.55553e-19)
(-0 -0 4.33723e-18)
(-0 -0 -1.70211e-18)
(-0 -0 -2.26708e-18)
(-0 -0 3.40592e-18)
(-0 -0 -4.16698e-18)
(-0 -0 1.13714e-18)
(-0 -0 2.65248e-18)
(-0 -0 -1.70847e-18)
(-0 -0 3.80318e-19)
(-0 -0 4.23516e-22)
(-0 -0 -2.28191e-18)
(-0 -0 1.71778e-18)
(-0 -0 1.90582e-18)
(-0 -0 -1.71524e-18)
(-0 -0 1.69407e-21)
(-0 -0 1.34001e-18)
(-0 -0 -1.91514e-18)
(-0 -0 1.72287e-18)
(-0 -0 5.75982e-19)
(-0 -0 -2.68848e-18)
(-0 -0 1.92192e-18)
(-0 -0 1.34932e-18)
(-0 -0 -2.69611e-18)
(-0 -0 -3.86247e-19)
(-0 -0 -2.5411e-21)
(-0 -0 1.1562e-18)
(-0 -0 1.93208e-18)
(-0 -0 -1.54668e-18)
(-0 -0 1.55092e-18)
(-0 -0 -3.29157e-18)
(-0 -0 3.10099e-18)
(-0 -0 -2.71982e-18)
(-0 -0 -3.89635e-19)
(-0 -0 2.14045e-18)
(-0 -0 -3.89635e-19)
(-0 -0 2.3412e-18)
(-0 -0 -4.48335e-18)
(-0 -0 2.73168e-18)
(-0 -0 -3.51688e-18)
(-0 -0 7.83505e-19)
(-0 -0 1.17568e-18)
(-0 -0 1.92276e-19)
(-0 -0 -1.95834e-18)
(-0 -0 3.92684e-18)
(-0 -0 -1.57209e-18)
(-0 -0 -1.69407e-21)
(-0 -0 -7.87741e-19)
(-0 -0 0)
(-0 -0 2.95784e-18)
(-0 -0 -1.77877e-18)
(-0 -0 -3.94971e-18)
(-0 -0 4.54687e-18)
(-0 -0 1.18839e-18)
(-0 -0 -3.96411e-18)
(-0 -0 2.5411e-21)
(-0 -0 2.18196e-18)
(-0 -0 -1.19093e-18)
(-0 -0 3.58041e-18)
(-0 -0 -4.77727e-18)
(-0 -0 7.98752e-19)
(-0 -0 2.99257e-18)
(-0 -0 -2.59361e-18)
(-0 -0 1.40184e-18)
(-0 -0 -1.98206e-19)
(-0 -0 -3.38813e-21)
(-0 -0 -2.40473e-18)
(-0 -0 2.20483e-18)
(-0 -0 6.04782e-19)
(-0 -0 -3.01205e-18)
(-0 -0 -1.00628e-18)
(-0 -0 3.42117e-18)
(-0 -0 -6.07323e-19)
(-0 -0 4.04035e-19)
(-0 -0 -2.5411e-21)
(-0 -0 -1.21465e-18)
(-0 -0 -1.0139e-18)
(-0 -0 2.42929e-18)
(-0 -0 -1.01559e-18)
(-0 -0 -1.21973e-18)
(-0 -0 -1.22142e-18)
(-0 -0 2.03203e-18)
(-0 -0 8.13152e-19)
(-0 -0 4.10811e-19)
(-0 -0 -8.14846e-19)
(-0 -0 -4.06576e-19)
(-0 -0 2.44877e-18)
(-0 -0 -3.2687e-18)
(-0 -0 3.27463e-18)
(-0 -0 -3.6829e-18)
(-0 -0 2.87059e-18)
(-0 -0 8.19928e-19)
(-0 -0 -2.46487e-18)
(-0 -0 8.24163e-19)
(-0 -0 1.23328e-18)
(-0 -0 -2.05575e-18)
(-0 -0 -8.21622e-19)
(-0 -0 3.29665e-18)
(-0 -0 -3.30597e-18)
(-0 -0 2.47672e-18)
(-0 -0 -4.11658e-19)
(-0 -0 2.07269e-18)
(-0 -0 -2.07523e-18)
(-0 -0 -8.31786e-19)
(-0 -0 3.7405e-18)
(-0 -0 -3.73965e-18)
(-0 -0 -8.29245e-19)
(-0 -0 2.08201e-18)
(-0 -0 -4.18434e-19)
(-0 -0 1.25022e-18)
(-0 -0 -1.67289e-18)
(-0 -0 2.92565e-18)
(-0 -0 -4.1835e-18)
(-0 -0 1.25615e-18)
(-0 -0 0)
(-0 -0 0)
(-0 -0 1.69407e-21)
(-0 -0 1.25784e-18)
(-0 -0 -4.20637e-18)
(-0 -0 2.52416e-18)
(-0 -0 -4.20128e-19)
(-0 -0 2.95276e-18)
(-0 -0 8.44492e-19)
(-0 -0 -3.38305e-18)
(-0 -0 -8.47033e-19)
(-0 -0 -8.47033e-19)
(-0 -0 3.38983e-18)
(-0 -0 1.2697e-18)
(-0 -0 -2.12436e-18)
(-0 -0 1.69661e-18)
(-0 -0 -4.24364e-19)
(-0 -0 -8.48727e-19)
(-0 -0 -8.55503e-19)
(-0 -0 -8.53809e-19)
(-0 -0 -1.70592e-18)
(-0 -0 4.29446e-19)
(-0 -0 1.2841e-18)
(-0 -0 4.25211e-19)
(-0 -0 2.57329e-18)
(-0 -0 -2.14723e-18)
(-0 -0 0)
(-0 -0 1.71863e-18)
(-0 -0 2.14892e-18)
(-0 -0 -4.73746e-18)
(-0 -0 1.29427e-18)
(-0 -0 2.59023e-18)
(-0 -0 -3.45505e-18)
(-0 -0 2.15993e-18)
(-0 -0 -1.73049e-18)
(-0 -0 1.69407e-21)
(-0 -0 1.73557e-18)
(-0 -0 4.34528e-19)
(-0 -0 -1.73981e-18)
(-0 -0 -3.0417e-18)
(-0 -0 1.73811e-18)
(-0 -0 2.61733e-18)
(-0 -0 -2.61479e-18)
(-0 -0 2.62072e-18)
(-0 -0 -2.18365e-18)
(-0 -0 1.74658e-18)
(-0 -0 1.74997e-18)
(-0 -0 -3.06287e-18)
(-0 -0 2.18958e-18)
(-0 -0 -1.31629e-18)
(-0 -0 -1.32052e-18)
(-0 -0 1.75929e-18)
(-0 -0 -1.31968e-18)
(-0 -0 -2.20144e-18)
(-0 -0 1.32222e-18)
(-0 -0 -4.41304e-19)
(-0 -0 1.3273e-18)
(-0 -0 2.64782e-18)
(-0 -0 1.32815e-18)
(-0 -0 -2.66053e-18)
(-0 -0 -8.86843e-19)
(-0 -0 -8.86843e-19)
(-0 -0 4.41304e-19)
(-0 -0 -1.33492e-18)
(-0 -0 1.783e-18)
(-0 -0 1.33492e-18)
(-0 -0 -3.56686e-18)
(-0 -0 4.48927e-19)
(-0 -0 -4.4808e-19)
(-0 -0 1.78978e-18)
(-0 -0 1.79232e-18)
(-0 -0 -2.69018e-18)
(-0 -0 2.68933e-18)
(-0 -0 -3.13995e-18)
(-0 -0 3.14757e-18)
(-0 -0 -8.98702e-19)
(-0 -0 -4.46386e-19)
(-0 -0 -2.70204e-18)
(-0 -0 3.15859e-18)
(-0 -0 -4.51638e-18)
(-0 -0 4.06745e-18)
(-0 -0 -9.06325e-19)
(-0 -0 -1.36203e-18)
(-0 -0 2.72067e-18)
(-0 -0 1.69407e-21)
(-0 -0 -3.17553e-18)
(-0 -0 1.36288e-18)
(-0 -0 1.81689e-18)
(-0 -0 -2.27598e-18)
(-0 -0 1.82027e-18)
(-0 -0 -9.1056e-19)
(-0 -0 -9.14796e-19)
(-0 -0 1.3705e-18)
(-0 -0 -3.65918e-18)
(-0 -0 4.12166e-18)
(-0 -0 -1.83298e-18)
(-0 -0 -9.17337e-19)
(-0 -0 4.58922e-18)
(-0 -0 -9.20725e-19)
(-0 -0 -9.19031e-19)
(-0 -0 4.60786e-19)
(-0 -0 -4.6248e-19)
(-0 -0 -4.63327e-19)
(-0 -0 -9.20725e-19)
(-0 -0 1.69407e-21)
(-0 -0 4.59939e-19)
(-0 -0 2.31409e-18)
(-0 -0 4.63327e-19)
(-0 -0 -4.67562e-19)
(-0 -0 -1.85754e-18)
(-0 -0 -3.25091e-18)
(-0 -0 2.78843e-18)
(-0 -0 4.18858e-18)
(-0 -0 -4.66122e-18)
(-0 -0 3.73372e-18)
(-0 -0 4.65868e-19)
(-0 -0 -4.67054e-18)
(-0 -0 4.67562e-19)
(-0 -0 2.8113e-18)
(-0 -0 -4.69256e-19)
(-0 -0 9.36818e-19)
(-0 -0 -2.34882e-18)
(-0 -0 1.87872e-18)
(-0 -0 -4.67562e-19)
(-0 -0 9.43595e-19)
(-0 -0 -1.88465e-18)
(-0 -0 -4.68409e-19)
(-0 -0 -1.89058e-18)
(-0 -0 2.83756e-18)
(-0 -0 9.46136e-19)
(-0 -0 1.41793e-18)
(-0 -0 -3.31868e-18)
(-0 -0 1.89989e-18)
(-0 -0 1.4264e-18)
(-0 -0 -4.72644e-19)
(-0 -0 -2.8545e-18)
(-0 -0 -4.76033e-19)
(-0 -0 3.81334e-18)
(-0 -0 -9.54606e-19)
(-0 -0 -9.563e-19)
(-0 -0 1.43741e-18)
(-0 -0 -3.34917e-18)
(-0 -0 -9.563e-19)
(-0 -0 1.91684e-18)
(-0 -0 -9.60535e-19)
(-0 -0 1.43996e-18)
(-0 -0 2.88076e-18)
(-0 -0 -1.44334e-18)
(-0 -0 -9.63076e-19)
(-0 -0 -1.92615e-18)
(-0 -0 1.93124e-18)
(-0 -0 -1.93208e-18)
(-0 -0 3.3822e-18)
(-0 -0 -9.67312e-19)
(-0 -0 -9.68159e-19)
(-0 -0 -4.35883e-18)
(-0 -0 3.39491e-18)
(-0 -0 1.45859e-18)
(-0 -0 4.84503e-19)
(-0 -0 -1.4569e-18)
(-0 -0 -1.69407e-21)
(-0 -0 -4.8535e-19)
(-0 -0 4.8535e-19)
(-0 -0 4.87044e-19)
(-0 -0 4.90432e-19)
(-0 -0 -3.91329e-18)
(-0 -0 4.89754e-18)
(-0 -0 -1.96173e-18)
(-0 -0 4.92973e-19)
(-0 -0 -2.45385e-18)
(-0 -0 3.44234e-18)
(-0 -0 -4.92973e-19)
(-0 -0 -1.47723e-18)
(-0 -0 -1.97105e-18)
(-0 -0 2.96207e-18)
(-0 -0 2.4708e-18)
(-0 -0 -4.96361e-19)
(-0 -0 -3.46098e-18)
(-0 -0 -1.48824e-18)
(-0 -0 8.47033e-22)
(-0 -0 1.48824e-18)
(-0 -0 4.47064e-18)
(-0 -0 -2.98325e-18)
(-0 -0 -9.9357e-19)
(-0 -0 -9.96111e-19)
(-0 -0 1.99392e-18)
(-0 -0 -1.99984e-18)
(-0 -0 4.99157e-18)
(-0 -0 -2.00069e-18)
(-0 -0 -3.00443e-18)
(-0 -0 2.50383e-18)
(-0 -0 4.97208e-19)
(-0 -0 -2.00493e-18)
(-0 -0 8.47033e-22)
(-0 -0 5.01444e-19)
(-0 -0 -5.02291e-19)
(-0 -0 1.51026e-18)
(-0 -0 1.50941e-18)
(-0 -0 -1.5128e-18)
(-0 -0 -3.02899e-18)
(-0 -0 -5.0822e-19)
(-0 -0 5.06017e-18)
(-0 -0 -1.52127e-18)
(-0 -0 -1.01475e-18)
(-0 -0 1.01475e-18)
(-0 -0 -2.03288e-18)
(-0 -0 1.52805e-18)
(-0 -0 -5.04832e-19)
(-0 -0 1.52635e-18)
(-0 -0 -5.0822e-19)
(-0 -0 -2.55296e-18)
(-0 -0 4.08778e-18)
(-0 -0 -3.57617e-18)
(-0 -0 -3.06795e-18)
(-0 -0 7.68259e-18)
(-0 -0 -3.58803e-18)
(-0 -0 3.07981e-18)
(-0 -0 -4.10642e-18)
(-0 -0 1.0266e-18)
(-0 -0 2.0549e-18)
(-0 -0 5.13302e-19)
(-0 -0 -2.06507e-18)
(-0 -0 -1.03338e-18)
(-0 -0 1.03169e-18)
(-0 -0 1.03507e-18)
(-0 -0 -2.06845e-18)
(-0 -0 -1.03677e-18)
(-0 -0 3.62869e-18)
(-0 -0 -2.5987e-18)
(-0 -0 0)
(-0 -0 -2.60039e-18)
(-0 -0 0)
(-0 -0 4.68748e-18)
(-0 -0 5.18384e-19)
(-0 -0 -5.21942e-18)
(-0 -0 2.61564e-18)
(-0 -0 -1.04354e-18)
(-0 -0 3.14419e-18)
(-0 -0 1.04693e-18)
(-0 -0 0)
(-0 -0 -1.04693e-18)
(-0 -0 -2.6275e-18)
(-0 -0 3.15604e-18)
(-0 -0 1.58395e-18)
(-0 -0 -3.15774e-18)
(-0 -0 -5.2516e-19)
(-0 -0 1.69407e-21)
(-0 -0 2.64444e-18)
(-0 -0 5.26854e-19)
(-0 -0 -5.29396e-18)
(-0 -0 2.64782e-18)
(-0 -0 -5.28549e-19)
(-0 -0 -3.18146e-18)
(-0 -0 5.84622e-18)
(-0 -0 -1.06387e-18)
(-0 -0 -5.31937e-19)
(-0 -0 -1.60089e-18)
(-0 -0 -5.33631e-19)
(-0 -0 -1.69407e-21)
(-0 -0 5.38713e-19)
(-0 -0 -1.60089e-18)
(-0 -0 4.82131e-18)
(-0 -0 -2.13961e-18)
(-0 -0 -1.07404e-18)
(-0 -0 1.07404e-18)
(-0 -0 -5.35325e-19)
(-0 -0 -2.69018e-18)
(-0 -0 3.38813e-21)
(-0 -0 2.69695e-18)
(-0 -0 5.40407e-19)
(-0 -0 -2.69865e-18)
(-0 -0 4.86536e-18)
(-0 -0 -4.32834e-18)
(-0 -0 2.16502e-18)
(-0 -0 1.6263e-18)
(-0 -0 -5.43795e-19)
(-0 -0 1.08251e-18)
(-0 -0 -2.71389e-18)
(-0 -0 -1.08928e-18)
(-0 -0 2.72067e-18)
(-0 -0 -1.08928e-18)
(-0 -0 -2.72236e-18)
(-0 -0 3.27463e-18)
(-0 -0 -1.63816e-18)
(-0 -0 1.64155e-18)
(-0 -0 -3.28479e-18)
(-0 -0 3.28479e-18)
(-0 -0 -2.74269e-18)
(-0 -0 -1.69407e-21)
(-0 -0 1.09945e-18)
(-0 -0 1.09775e-18)
(-0 -0 1.69407e-21)
(-0 -0 0)
(-0 -0 -2.20567e-18)
(-0 -0 3.31529e-18)
(-0 -0 1.10114e-18)
(-0 -0 -4.42151e-18)
(-0 -0 4.42998e-18)
(-0 -0 -1.10792e-18)
(-0 -0 -1.113e-18)
(-0 -0 -2.22431e-18)
(-0 -0 1.10961e-18)
(-0 -0 1.10961e-18)
(-0 -0 -3.38813e-21)
(-0 -0 -2.23108e-18)
(-0 -0 3.34578e-18)
(-0 -0 -2.23108e-18)
(-0 -0 1.69407e-21)
(-0 -0 -1.12147e-18)
(-0 -0 3.36272e-18)
(-0 -0 3.38813e-21)
(-0 -0 -4.48589e-18)
(-0 -0 2.24294e-18)
(-0 -0 3.37289e-18)
(-0 -0 -1.12994e-18)
(-0 -0 -1.12317e-18)
(-0 -0 -1.12655e-18)
(-0 -0 2.2548e-18)
(-0 -0 -1.12655e-18)
(-0 -0 -3.39491e-18)
(-0 -0 2.26158e-18)
(-0 -0 1.12994e-18)
(-0 -0 1.13502e-18)
(-0 -0 -1.13164e-18)
(-0 -0 -2.27174e-18)
(-0 -0 0)
(-0 -0 1.13502e-18)
(-0 -0 -1.13841e-18)
(-0 -0 3.42032e-18)
(-0 -0 -1.14349e-18)
(-0 -0 1.14519e-18)
(-0 -0 -2.28868e-18)
(-0 -0 -1.14519e-18)
(-0 -0 -1.15027e-18)
(-0 -0 1.14688e-18)
(-0 -0 1.14688e-18)
(-0 -0 -2.29715e-18)
(-0 -0 2.29546e-18)
(-0 -0 3.38813e-21)
(-0 -0 1.14688e-18)
(-0 -0 -1.15196e-18)
(-0 -0 -1.15535e-18)
(-0 -0 4.61802e-18)
(-0 -0 -2.31071e-18)
(-0 -0 -2.31409e-18)
(-0 -0 4.63158e-18)
(-0 -0 -2.31748e-18)
(-0 -0 -1.16213e-18)
(-0 -0 -3.38813e-21)
(-0 -0 -1.69407e-21)
(-0 -0 -1.69407e-21)
(-0 -0 1.16721e-18)
(-0 -0 0)
(-0 -0 -2.33103e-18)
(-0 -0 1.16891e-18)
(-0 -0 1.16721e-18)
(-0 -0 1.16552e-18)
(-0 -0 -2.34798e-18)
(-0 -0 1.17229e-18)
(-0 -0 -1.16891e-18)
(-0 -0 1.17399e-18)
(-0 -0 -2.35136e-18)
(-0 -0 2.35814e-18)
(-0 -0 1.17568e-18)
(-0 -0 -4.71289e-18)
(-0 -0 2.36153e-18)
(-0 -0 -1.18246e-18)
(-0 -0 3.54399e-18)
(-0 -0 -3.55246e-18)
(-0 -0 1.18585e-18)
(-0 -0 -1.18246e-18)
(-0 -0 -1.18415e-18)
(-0 -0 5.94109e-18)
(-0 -0 -3.56601e-18)
(-0 -0 2.38186e-18)
(-0 -0 -2.38186e-18)
(-0 -0 -1.19432e-18)
(-0 -0 3.58295e-18)
(-0 -0 -1.19601e-18)
(-0 -0 -2.39033e-18)
(-0 -0 2.38863e-18)
(-0 -0 1.20109e-18)
(-0 -0 -4.79929e-18)
(-0 -0 4.80606e-18)
(-0 -0 1.69407e-21)
(-0 -0 -4.80776e-18)
(-0 -0 6.01563e-18)
(-0 -0 -3.61514e-18)
(-0 -0 -1.20787e-18)
(-0 -0 2.41235e-18)
(-0 -0 3.62191e-18)
(-0 -0 -6.04951e-18)
(-0 -0 2.41743e-18)
(-0 -0 -1.21295e-18)
(-0 -0 -1.20956e-18)
(-0 -0 -1.20956e-18)
(-0 -0 1.21803e-18)
(-0 -0 -1.69407e-21)
(-0 -0 2.43437e-18)
(-0 -0 -3.65241e-18)
(-0 -0 1.22142e-18)
(-0 -0 1.22312e-18)
(-0 -0 3.38813e-21)
(-0 -0 1.22312e-18)
(-0 -0 -1.22481e-18)
(-0 -0 1.69407e-21)
(-0 -0 1.2282e-18)
(-0 -0 -2.45301e-18)
(-0 -0 -1.22989e-18)
(-0 -0 3.68798e-18)
(-0 -0 -1.2265e-18)
(-0 -0 0)
(-0 -0 1.23159e-18)
(-0 -0 0)
(-0 -0 1.23497e-18)
(-0 -0 -3.71e-18)
(-0 -0 3.71509e-18)
(-0 -0 -1.23667e-18)
(-0 -0 2.47842e-18)
(-0 -0 -3.72186e-18)
(-0 -0 3.72525e-18)
(-0 -0 -2.48689e-18)
(-0 -0 1.24175e-18)
(-0 -0 -2.49197e-18)
(-0 -0 1.25022e-18)
(-0 -0 -1.24514e-18)
(-0 -0 -1.24683e-18)
(-0 -0 3.38813e-21)
(-0 -0 2.50383e-18)
(-0 -0 -1.25361e-18)
(-0 -0 3.76591e-18)
(-0 -0 -1.257e-18)
(-0 -0 0)
(-0 -0 -6.28668e-18)
(-0 -0 7.55723e-18)
(-0 -0 -3.77946e-18)
(-0 -0 2.52246e-18)
(-0 -0 -2.52416e-18)
(-0 -0 0)
(-0 -0 -2.52924e-18)
(-0 -0 3.7981e-18)
(-0 -0 -1.26716e-18)
(-0 -0 -1.26547e-18)
(-0 -0 1.27055e-18)
(-0 -0 1.27394e-18)
(-0 -0 -1.27394e-18)
(-0 -0 -3.81504e-18)
(-0 -0 5.09575e-18)
(-0 -0 -2.55296e-18)
(-0 -0 -3.38813e-21)
(-0 -0 3.83198e-18)
(-0 -0 -2.55635e-18)
(-0 -0 -2.56482e-18)
(-0 -0 1.28241e-18)
(-0 -0 3.84892e-18)
(-0 -0 -1.2841e-18)
(-0 -0 1.2858e-18)
(-0 -0 -2.57498e-18)
(-0 -0 0)
(-0 -0 1.28918e-18)
(-0 -0 -1.28918e-18)
(-0 -0 1.29257e-18)
(-0 -0 -1.69407e-21)
(-0 -0 -1.29596e-18)
(-0 -0 -1.69407e-21)
(-0 -0 1.29427e-18)
(-0 -0 -1.29257e-18)
(-0 -0 -1.69407e-21)
(-0 -0 0)
(-0 -0 -3.89974e-18)
(-0 -0 5.21095e-18)
(-0 -0 -1.30612e-18)
(-0 -0 -2.60717e-18)
(-0 -0 2.61056e-18)
(-0 -0 1.69407e-21)
(-0 -0 1.30782e-18)
(-0 -0 -3.38813e-21)
(-0 -0 -2.61733e-18)
(-0 -0 -2.62072e-18)
(-0 -0 3.93701e-18)
(-0 -0 1.3146e-18)
(-0 -0 -5.25838e-18)
(-0 -0 3.95056e-18)
(-0 -0 -1.31968e-18)
(-0 -0 1.31629e-18)
(-0 -0 -2.63766e-18)
(-0 -0 5.28379e-18)
(-0 -0 -2.64105e-18)
(-0 -0 -1.32137e-18)
(-0 -0 3.97936e-18)
(-0 -0 -1.69407e-21)
(-0 -0 1.69407e-21)
(-0 -0 -5.31937e-18)
(-0 -0 1.32984e-18)
(-0 -0 -1.69407e-21)
(-0 -0 3.998e-18)
(-0 -0 -4.00138e-18)
(-0 -0 1.33662e-18)
(-0 -0 -2.67662e-18)
(-0 -0 1.33831e-18)
(-0 -0 1.3417e-18)
(-0 -0 -1.33323e-18)
(-0 -0 5.36341e-18)
(-0 -0 -2.68848e-18)
(-0 -0 1.3417e-18)
(-0 -0 -4.03865e-18)
(-0 -0 1.34848e-18)
(-0 -0 -1.69407e-21)
(-0 -0 1.34848e-18)
(-0 -0 0)
(-0 -0 -2.70542e-18)
(-0 -0 1.35525e-18)
(-0 -0 5.41932e-18)
(-0 -0 -5.4227e-18)
(-0 -0 -1.69407e-21)
(-0 -0 -3.38813e-21)
(-0 -0 -1.36372e-18)
(-0 -0 4.07931e-18)
(-0 -0 -2.72575e-18)
(-0 -0 1.36033e-18)
(-0 -0 -1.69407e-21)
(-0 -0 2.73422e-18)
(-0 -0 -5.47014e-18)
(-0 -0 1.36881e-18)
(-0 -0 2.7393e-18)
(-0 -0 -1.3705e-18)
(-0 -0 -2.74608e-18)
(-0 -0 1.37389e-18)
(-0 -0 1.69407e-21)
(-0 -0 0)
(-0 -0 -1.38066e-18)
(-0 -0 1.37389e-18)
(-0 -0 2.76133e-18)
(-0 -0 -1.69407e-21)
(-0 -0 -5.52943e-18)
(-0 -0 1.38236e-18)
(-0 -0 1.38575e-18)
(-0 -0 4.15554e-18)
(-0 -0 -1.39252e-18)
(-0 -0 -4.1674e-18)
(-0 -0 -1.38913e-18)
(-0 -0 6.95922e-18)
(-0 -0 -5.57009e-18)
(-0 -0 2.79182e-18)
(-0 -0 -4.18604e-18)
(-0 -0 4.19281e-18)
(-0 -0 1.39591e-18)
(-0 -0 -5.59381e-18)
(-0 -0 7.00157e-18)
(-0 -0 -4.20806e-18)
(-0 -0 -2.80368e-18)
(-0 -0 2.81046e-18)
(-0 -0 1.40607e-18)
(-0 -0 -4.22331e-18)
(-0 -0 5.63108e-18)
(-0 -0 -1.40777e-18)
(-0 -0 1.41116e-18)
(-0 -0 -1.69407e-21)
(-0 -0 -5.65818e-18)
(-0 -0 5.65987e-18)
(-0 -0 0)
(-0 -0 -2.83078e-18)
(-0 -0 -1.41963e-18)
(-0 -0 2.84264e-18)
(-0 -0 -2.84603e-18)
(-0 -0 -1.41963e-18)
(-0 -0 4.27582e-18)
(-0 -0 1.69407e-21)
(-0 -0 1.4281e-18)
(-0 -0 -1.43149e-18)
(-0 -0 -2.85958e-18)
(-0 -0 -1.43149e-18)
(-0 -0 1.43149e-18)
(-0 -0 -1.69407e-21)
(-0 -0 4.3114e-18)
(-0 -0 -2.87144e-18)
(-0 -0 1.43826e-18)
(-0 -0 -1.44334e-18)
(-0 -0 1.43996e-18)
(-0 -0 1.69407e-21)
(-0 -0 -1.69407e-21)
(-0 -0 -2.88838e-18)
(-0 -0 -3.38813e-21)
(-0 -0 2.89346e-18)
(-0 -0 1.69407e-21)
(-0 -0 -1.45181e-18)
(-0 -0 -1.44673e-18)
(-0 -0 4.35544e-18)
(-0 -0 -1.4552e-18)
(-0 -0 1.69407e-21)
(-0 -0 2.91549e-18)
(-0 -0 1.69407e-21)
(-0 -0 -7.29465e-18)
(-0 -0 1.46367e-18)
(-0 -0 5.84961e-18)
(-0 -0 -2.92904e-18)
(-0 -0 -3.38813e-21)
(-0 -0 -2.93412e-18)
(-0 -0 -5.0822e-21)
(-0 -0 2.93582e-18)
(-0 -0 -4.40965e-18)
(-0 -0 5.89027e-18)
(-0 -0 -4.41643e-18)
(-0 -0 1.69407e-21)
(-0 -0 0)
(-0 -0 4.43337e-18)
(-0 -0 1.69407e-21)
(-0 -0 -5.92245e-18)
(-0 -0 1.484e-18)
(-0 -0 0)
(-0 -0 4.45201e-18)
(-0 -0 1.69407e-21)
(-0 -0 -4.46556e-18)
(-0 -0 4.46556e-18)
(-0 -0 -4.47064e-18)
(-0 -0 4.47742e-18)
(-0 -0 -4.47572e-18)
(-0 -0 -3.38813e-21)
(-0 -0 2.99511e-18)
(-0 -0 0)
(-0 -0 -3.38813e-21)
(-0 -0 2.9985e-18)
(-0 -0 -4.49944e-18)
(-0 -0 3.00527e-18)
(-0 -0 -3.00866e-18)
(-0 -0 3.01544e-18)
(-0 -0 -3.01205e-18)
(-0 -0 4.52316e-18)
(-0 -0 -6.03765e-18)
(-0 -0 1.51111e-18)
(-0 -0 4.54348e-18)
(-0 -0 -6.05798e-18)
(-0 -0 4.55026e-18)
(-0 -0 -4.55026e-18)
(-0 -0 3.03238e-18)
(-0 -0 0)
(-0 -0 -1.52466e-18)
(-0 -0 -1.52466e-18)
(-0 -0 -3.04593e-18)
(-0 -0 6.10203e-18)
(-0 -0 -3.05271e-18)
(-0 -0 4.58753e-18)
(-0 -0 -7.64363e-18)
(-0 -0 6.12574e-18)
(-0 -0 -4.60108e-18)
(-0 -0 7.66395e-18)
(-0 -0 -6.14268e-18)
(-0 -0 1.53482e-18)
(-0 -0 4.61125e-18)
(-0 -0 -4.62141e-18)
(-0 -0 4.62141e-18)
(-0 -0 -4.62819e-18)
(-0 -0 0)
(-0 -0 1.54499e-18)
(-0 -0 0)
(-0 -0 -3.09336e-18)
(-0 -0 4.64513e-18)
(-0 -0 1.54499e-18)
(-0 -0 -1.55176e-18)
(-0 -0 -1.54838e-18)
(-0 -0 0)
(-0 -0 -1.55515e-18)
(-0 -0 1.55854e-18)
(-0 -0 -3.12047e-18)
(-0 -0 4.67901e-18)
(-0 -0 -6.2511e-18)
(-0 -0 7.8232e-18)
(-0 -0 -1.56532e-18)
(-0 -0 0)
(-0 -0 -4.71289e-18)
(-0 -0 3.38813e-21)
(-0 -0 4.71628e-18)
(-0 -0 -4.71967e-18)
(-0 -0 4.71967e-18)
(-0 -0 1.57548e-18)
(-0 -0 -1.57887e-18)
(-0 -0 -3.15435e-18)
(-0 -0 -3.38813e-21)
(-0 -0 -3.38813e-21)
(-0 -0 4.75355e-18)
(-0 -0 -7.92145e-18)
(-0 -0 6.34597e-18)
(-0 -0 3.38813e-21)
(-0 -0 1.59242e-18)
(-0 -0 -3.18146e-18)
(-0 -0 1.59581e-18)
(-0 -0 0)
(-0 -0 -3.19162e-18)
(-0 -0 1.5992e-18)
(-0 -0 0)
(-0 -0 -1.5992e-18)
(-0 -0 3.20856e-18)
(-0 -0 -3.20856e-18)
(-0 -0 3.21195e-18)
(-0 -0 -4.8247e-18)
(-0 -0 -3.21873e-18)
(-0 -0 6.43745e-18)
(-0 -0 -3.21873e-18)
(-0 -0 6.44761e-18)
(-0 -0 -3.2255e-18)
(-0 -0 -1.61275e-18)
(-0 -0 -3.23228e-18)
(-0 -0 3.23567e-18)
(-0 -0 1.61953e-18)
(-0 -0 3.38813e-21)
(-0 -0 -4.86536e-18)
(-0 -0 6.50182e-18)
(-0 -0 1.63308e-18)
(-0 -0 -6.50521e-18)
(-0 -0 3.26277e-18)
(-0 -0 -3.26277e-18)
(-0 -0 3.26277e-18)
(-0 -0 -1.63308e-18)
(-0 -0 0)
(-0 -0 1.63308e-18)
(-0 -0 0)
(-0 -0 1.63647e-18)
(-0 -0 -4.92296e-18)
(-0 -0 1.64324e-18)
(-0 -0 3.2831e-18)
(-0 -0 -3.38813e-21)
(-0 -0 -3.29665e-18)
(-0 -0 -1.65002e-18)
(-0 -0 3.29665e-18)
(-0 -0 -3.30343e-18)
(-0 -0 3.30343e-18)
(-0 -0 1.6568e-18)
(-0 -0 0)
(-0 -0 -1.65341e-18)
(-0 -0 -3.32037e-18)
(-0 -0 3.32376e-18)
(-0 -0 -3.32715e-18)
(-0 -0 6.66107e-18)
(-0 -0 -3.33053e-18)
(-0 -0 -1.67035e-18)
(-0 -0 -5.00766e-18)
(-0 -0 1.00187e-17)
(-0 -0 0)
(-0 -0 -5.02121e-18)
(-0 -0 1.67713e-18)
(-0 -0 -3.38813e-21)
(-0 -0 0)
(-0 -0 0)
(-0 -0 -3.38813e-21)
(-0 -0 -3.38813e-21)
(-0 -0 0)
(-0 -0 3.38813e-21)
(-0 -0 -3.37797e-18)
(-0 -0 3.38813e-21)
(-0 -0 3.38136e-18)
(-0 -0 -3.38474e-18)
(-0 -0 1.69745e-18)
(-0 -0 3.39491e-18)
(-0 -0 -3.39152e-18)
(-0 -0 1.70084e-18)
(-0 -0 -3.3983e-18)
(-0 -0 6.81014e-18)
(-0 -0 -6.81353e-18)
(-0 -0 3.40507e-18)
(-0 -0 -3.38813e-21)
(-0 -0 -3.41524e-18)
(-0 -0 3.41862e-18)
(-0 -0 -3.4254e-18)
(-0 -0 3.38813e-21)
(-0 -0 3.38813e-21)
(-0 -0 3.43557e-18)
(-0 -0 0)
(-0 -0 -3.43557e-18)
(-0 -0 0)
(-0 -0 3.44573e-18)
(-0 -0 -3.38813e-21)
(-0 -0 3.38813e-21)
(-0 -0 3.45928e-18)
(-0 -0 -3.45589e-18)
(-0 -0 -3.46606e-18)
(-0 -0 6.92873e-18)
(-0 -0 -3.46606e-18)
(-0 -0 3.38813e-21)
(-0 -0 -3.38813e-21)
(-0 -0 -3.47284e-18)
(-0 -0 -3.38813e-21)
(-0 -0 0)
(-0 -0 6.97616e-18)
(-0 -0 -3.49316e-18)
(-0 -0 0)
(-0 -0 3.38813e-21)
(-0 -0 6.77626e-21)
(-0 -0 0)
(-0 -0 -3.5101e-18)
(-0 -0 0)
(-0 -0 3.51349e-18)
(-0 -0 -3.38813e-21)
(-0 -0 -3.38813e-21)
(-0 -0 0)
(-0 -0 -3.38813e-21)
(-0 -0 -3.53382e-18)
(-0 -0 3.53043e-18)
(-0 -0 3.38813e-21)
(-0 -0 -3.38813e-21)
(-0 -0 -3.54399e-18)
(-0 -0 7.09475e-18)
(-0 -0 -3.55076e-18)
(-0 -0 -3.55076e-18)
(-0 -0 7.11169e-18)
(-0 -0 -3.55754e-18)
(-0 -0 -3.56093e-18)
(-0 -0 0)
(-0 -0 3.38813e-21)
(-0 -0 3.57109e-18)
(-0 -0 0)
(-0 -0 -3.57787e-18)
(-0 -0 0)
(-0 -0 3.59481e-18)
(-0 -0 -3.59142e-18)
(-0 -0 3.59142e-18)
(-0 -0 0)
(-0 -0 0)
(-0 -0 3.38813e-21)
(-0 -0 -3.60497e-18)
(-0 -0 3.61175e-18)
(-0 -0 -3.61514e-18)
(-0 -0 3.61852e-18)
(-0 -0 -3.62191e-18)
(-0 -0 0)
(-0 -0 7.2506e-18)
(-0 -0 -3.63208e-18)
(-0 -0 -3.63208e-18)
(-0 -0 3.63547e-18)
(-0 -0 6.77626e-21)
(-0 -0 -3.64563e-18)
(-0 -0 7.29804e-18)
(-0 -0 -3.65241e-18)
(-0 -0 -3.65579e-18)
(-0 -0 3.66257e-18)
(-0 -0 3.66257e-18)
(-0 -0 -3.66935e-18)
(-0 -0 0)
(-0 -0 -3.67273e-18)
(-0 -0 0)
(-0 -0 3.67612e-18)
(-0 -0 3.6829e-18)
(-0 -0 -3.38813e-21)
(-0 -0 -7.37596e-18)
(-0 -0 7.38274e-18)
(-0 -0 -7.39629e-18)
(-0 -0 -6.77626e-21)
(-0 -0 3.69984e-18)
(-0 -0 -3.70662e-18)
(-0 -0 0)
(-0 -0 3.70662e-18)
(-0 -0 0)
(-0 -0 0)
(-0 -0 0)
(-0 -0 -3.72356e-18)
(-0 -0 3.72694e-18)
(-0 -0 -3.73711e-18)
(-0 -0 -3.38813e-21)
(-0 -0 0)
(-0 -0 3.38813e-21)
(-0 -0 3.74389e-18)
(-0 -0 0)
(-0 -0 -3.38813e-21)
(-0 -0 3.76421e-18)
(-0 -0 -7.52165e-18)
(-0 -0 7.53521e-18)
(-0 -0 -7.54537e-18)
(-0 -0 0)
(-0 -0 7.54876e-18)
(-0 -0 -7.55892e-18)
(-0 -0 3.79132e-18)
(-0 -0 -3.78793e-18)
(-0 -0 -3.38813e-21)
(-0 -0 3.7981e-18)
(-0 -0 -3.80487e-18)
(-0 -0 3.7981e-18)
(-0 -0 0)
(-0 -0 -3.81165e-18)
(-0 -0 7.61991e-18)
(-0 -0 -7.63346e-18)
(-0 -0 3.81842e-18)
(-0 -0 -3.82859e-18)
(-0 -0 3.83198e-18)
(-0 -0 0)
(-0 -0 0)
(-0 -0 -3.83198e-18)
(-0 -0 -3.38813e-21)
(-0 -0 3.84214e-18)
(-0 -0 -3.84892e-18)
(-0 -0 3.84892e-18)
(-0 -0 -3.85908e-18)
(-0 -0 3.85908e-18)
(-0 -0 0)
(-0 -0 -3.86925e-18)
(-0 -0 3.86925e-18)
(-0 -0 -3.86586e-18)
(-0 -0 3.87941e-18)
(-0 -0 0)
(-0 -0 -3.88619e-18)
(-0 -0 3.88619e-18)
(-0 -0 0)
(-0 -0 0)
(-0 -0 3.38813e-21)
(-0 -0 0)
(-0 -0 -3.90313e-18)
(-0 -0 0)
(-0 -0 3.9099e-18)
(-0 -0 0)
(-0 -0 -3.38813e-21)
(-0 -0 -3.92684e-18)
(-0 -0 3.92346e-18)
(-0 -0 3.38813e-21)
(-0 -0 -3.93701e-18)
(-0 -0 0)
(-0 -0 6.77626e-21)
(-0 -0 3.94717e-18)
(-0 -0 -3.95056e-18)
(-0 -0 3.38813e-21)
(-0 -0 -3.38813e-21)
(-0 -0 0)
(-0 -0 3.96411e-18)
(-0 -0 -3.96411e-18)
(-0 -0 3.97428e-18)
(-0 -0 -3.97428e-18)
(-0 -0 -3.38813e-21)
(-0 -0 3.38813e-21)
(-0 -0 -3.38813e-21)
(-0 -0 3.38813e-21)
(-0 -0 3.38813e-21)
(-0 -0 0)
(-0 -0 4.00138e-18)
(-0 -0 -3.38813e-21)
(-0 -0 -3.38813e-21)
(-0 -0 4.01155e-18)
(-0 -0 -4.01832e-18)
(-0 -0 0)
(-0 -0 -3.38813e-21)
(-0 -0 3.38813e-21)
(-0 -0 3.38813e-21)
(-0 -0 -4.04204e-18)
(-0 -0 4.03865e-18)
(-0 -0 4.04543e-18)
(-0 -0 -4.04882e-18)
(-0 -0 3.38813e-21)
(-0 -0 0)
(-0 -0 3.38813e-21)
(-0 -0 0)
(-0 -0 -4.07253e-18)
(-0 -0 8.1349e-18)
(-0 -0 -8.15523e-18)
(-0 -0 4.07253e-18)
(-0 -0 3.38813e-21)
(-0 -0 3.38813e-21)
(-0 -0 3.38813e-21)
(-0 -0 -4.08948e-18)
(-0 -0 4.09625e-18)
(-0 -0 -4.09625e-18)
(-0 -0 4.10303e-18)
(-0 -0 0)
(-0 -0 4.1098e-18)
(-0 -0 -4.11997e-18)
(-0 -0 -4.11997e-18)
(-0 -0 4.12336e-18)
(-0 -0 4.12674e-18)
(-0 -0 -4.13352e-18)
(-0 -0 3.38813e-21)
(-0 -0 3.38813e-21)
(-0 -0 -4.14369e-18)
(-0 -0 0)
(-0 -0 4.15046e-18)
(-0 -0 -4.15046e-18)
(-0 -0 0)
(-0 -0 4.16401e-18)
(-0 -0 -4.1674e-18)
(-0 -0 0)
(-0 -0 0)
(-0 -0 -3.38813e-21)
(-0 -0 0)
(-0 -0 4.18095e-18)
(-0 -0 -4.19112e-18)
(-0 -0 3.38813e-21)
(-0 -0 4.20467e-18)
(-0 -0 -4.1979e-18)
(-0 -0 4.20467e-18)
(-0 -0 0)
(-0 -0 -4.21145e-18)
(-0 -0 3.38813e-21)
(-0 -0 -3.38813e-21)
(-0 -0 4.225e-18)
(-0 -0 -6.77626e-21)
(-0 -0 0)
(-0 -0 -3.38813e-21)
(-0 -0 3.38813e-21)
(-0 -0 -4.24533e-18)
(-0 -0 4.24872e-18)
(-0 -0 0)
(-0 -0 3.38813e-21)
(-0 -0 0)
(-0 -0 -3.38813e-21)
(-0 -0 -4.26905e-18)
(-0 -0 4.27243e-18)
(-0 -0 3.38813e-21)
(-0 -0 -4.27921e-18)
(-0 -0 4.28599e-18)
(-0 -0 -3.38813e-21)
(-0 -0 -3.38813e-21)
(-0 -0 3.38813e-21)
(-0 -0 -4.30293e-18)
(-0 -0 0)
(-0 -0 4.30632e-18)
(-0 -0 0)
(-0 -0 6.77626e-21)
(-0 -0 -4.32326e-18)
(-0 -0 4.32326e-18)
(-0 -0 -6.77626e-21)
(-0 -0 -4.33681e-18)
(-0 -0 4.33681e-18)
(-0 -0 3.38813e-21)
(-0 -0 0)
(-0 -0 -4.35714e-18)
(-0 -0 4.35375e-18)
(-0 -0 0)
(-0 -0 -4.36053e-18)
(-0 -0 4.36391e-18)
(-0 -0 3.38813e-21)
(-0 -0 -3.38813e-21)
(-0 -0 -4.37747e-18)
(-0 -0 0)
(-0 -0 0)
(-0 -0 0)
(-0 -0 4.39441e-18)
(-0 -0 -4.40118e-18)
(-0 -0 0)
(-0 -0 3.38813e-21)
(-0 -0 -3.38813e-21)
(-0 -0 0)
(-0 -0 4.41812e-18)
(-0 -0 -4.4249e-18)
(-0 -0 4.42829e-18)
(-0 -0 -4.42829e-18)
(-0 -0 4.42829e-18)
(-0 -0 0)
(-0 -0 -4.45201e-18)
(-0 -0 0)
(-0 -0 0)
(-0 -0 4.45539e-18)
(-0 -0 -4.46217e-18)
(-0 -0 4.46556e-18)
(-0 -0 0)
(-0 -0 -3.38813e-21)
(-0 -0 0)
(-0 -0 0)
(-0 -0 -3.38813e-21)
(-0 -0 3.38813e-21)
(-0 -0 -3.38813e-21)
(-0 -0 3.38813e-21)
(-0 -0 -4.50622e-18)
(-0 -0 -3.38813e-21)
(-0 -0 4.51299e-18)
(-0 -0 -4.51638e-18)
(-0 -0 4.51638e-18)
(-0 -0 -4.52654e-18)
(-0 -0 4.52993e-18)
(-0 -0 -4.53332e-18)
(-0 -0 4.53332e-18)
(-0 -0 -4.5401e-18)
(-0 -0 3.38813e-21)
(-0 -0 4.55365e-18)
(-0 -0 0)
(-0 -0 -4.55704e-18)
(-0 -0 0)
(-0 -0 1.01644e-20)
(-0 -0 4.57059e-18)
(-0 -0 0)
(-0 -0 -3.38813e-21)
(-0 -0 0)
(-0 -0 -4.59092e-18)
(-0 -0 0)
(-0 -0 4.60108e-18)
(-0 -0 3.38813e-21)
(-0 -0 3.38813e-21)
(-0 -0 0)
(-0 -0 -4.61464e-18)
(-0 -0 4.62141e-18)
(-0 -0 3.38813e-21)
(-0 -0 -4.62819e-18)
(-0 -0 4.63496e-18)
(-0 -0 6.77626e-21)
(-0 -0 -3.38813e-21)
(-0 -0 0)
(-0 -0 0)
(-0 -0 0)
(-0 -0 -4.65529e-18)
(-0 -0 3.38813e-21)
(-0 -0 0)
(-0 -0 4.66546e-18)
(-0 -0 0)
(-0 -0 -3.38813e-21)
(-0 -0 0)
(-0 -0 3.38813e-21)
(-0 -0 0)
(-0 -0 -4.69595e-18)
(-0 -0 4.70612e-18)
(-0 -0 -4.70612e-18)
(-0 -0 4.71289e-18)
(-0 -0 3.38813e-21)
(-0 -0 -3.38813e-21)
(-0 -0 0)
(-0 -0 0)
(-0 -0 -4.74e-18)
(-0 -0 4.74e-18)
(-0 -0 3.38813e-21)
(-0 -0 -3.38813e-21)
(-0 -0 -3.38813e-21)
(-0 -0 -4.76033e-18)
(-0 -0 3.38813e-21)
(-0 -0 0)
(-0 -0 4.77049e-18)
(-0 -0 -3.38813e-21)
(-0 -0 -3.38813e-21)
(-0 -0 6.77626e-21)
(-0 -0 0)
(-0 -0 -4.79082e-18)
(-0 -0 4.79421e-18)
(-0 -0 -3.38813e-21)
(-0 -0 3.38813e-21)
(-0 -0 -4.80437e-18)
(-0 -0 3.38813e-21)
(-0 -0 4.8247e-18)
(-0 -0 -6.77626e-21)
(-0 -0 -3.38813e-21)
(-0 -0 0)
(-0 -0 0)
(-0 -0 -4.83825e-18)
(-0 -0 4.84842e-18)
(-0 -0 -4.8518e-18)
(-0 -0 4.85519e-18)
(-0 -0 0)
(-0 -0 0)
(-0 -0 0)
(-0 -0 0)
(-0 -0 0)
(-0 -0 -4.8823e-18)
(-0 -0 4.88907e-18)
(-0 -0 3.38813e-21)
(-0 -0 -3.38813e-21)
(-0 -0 -6.77626e-21)
(-0 -0 3.38813e-21)
(-0 -0 -4.90601e-18)
(-0 -0 4.91279e-18)
(-0 -0 -4.91618e-18)
(-0 -0 3.38813e-21)
(-0 -0 4.91957e-18)
(-0 -0 3.38813e-21)
(-0 -0 0)
(-0 -0 0)
(-0 -0 3.38813e-21)
(-0 -0 0)
(-0 -0 0)
(-0 -0 0)
(-0 -0 3.38813e-21)
(-0 -0 0)
(-0 -0 0)
(-0 -0 6.77626e-21)
(-0 -0 -1.01644e-20)
(-0 -0 -4.98733e-18)
(-0 -0 -3.38813e-21)
(-0 -0 3.38813e-21)
(-0 -0 4.99411e-18)
(-0 -0 3.38813e-21)
(-0 -0 0)
(-0 -0 3.38813e-21)
(-0 -0 3.38813e-21)
(-0 -0 -5.0246e-18)
(-0 -0 0)
(-0 -0 -3.38813e-21)
(-0 -0 5.03815e-18)
(-0 -0 -5.04154e-18)
(-0 -0 3.38813e-21)
(-0 -0 3.38813e-21)
(-0 -0 -3.38813e-21)
(-0 -0 5.06187e-18)
(-0 -0 0)
(-0 -0 -5.06865e-18)
(-0 -0 3.38813e-21)
(-0 -0 5.08559e-18)
(-0 -0 3.38813e-21)
(-0 -0 -5.08559e-18)
(-0 -0 5.09575e-18)
(-0 -0 0)
(-0 -0 -5.1093e-18)
(-0 -0 5.11269e-18)
(-0 -0 -5.11269e-18)
(-0 -0 5.11608e-18)
(-0 -0 0)
(-0 -0 0)
(-0 -0 0)
(-0 -0 -3.38813e-21)
(-0 -0 -5.13641e-18)
(-0 -0 5.14996e-18)
(-0 -0 0)
(-0 -0 0)
(-0 -0 -3.38813e-21)
(-0 -0 0)
(-0 -0 -5.17368e-18)
(-0 -0 5.17707e-18)
(-0 -0 3.38813e-21)
(-0 -0 -5.18723e-18)
(-0 -0 -3.38813e-21)
(-0 -0 5.19739e-18)
(-0 -0 3.38813e-21)
(-0 -0 0)
(-0 -0 3.38813e-21)
(-0 -0 0)
(-0 -0 -5.22111e-18)
(-0 -0 0)
(-0 -0 5.23466e-18)
(-0 -0 -5.23466e-18)
(-0 -0 3.38813e-21)
(-0 -0 5.24822e-18)
(-0 -0 -5.24822e-18)
(-0 -0 0)
(-0 -0 5.25838e-18)
(-0 -0 -3.38813e-21)
(-0 -0 0)
(-0 -0 3.38813e-21)
(-0 -0 -3.38813e-21)
(-0 -0 3.38813e-21)
(-0 -0 0)
(-0 -0 0)
(-0 -0 0)
(-0 -0 -5.29904e-18)
(-0 -0 5.30243e-18)
(-0 -0 3.38813e-21)
(-0 -0 3.38813e-21)
(-0 -0 0)
(-0 -0 0)
(-0 -0 0)
(-0 -0 -3.38813e-21)
(-0 -0 -5.33631e-18)
(-0 -0 5.35664e-18)
(-0 -0 6.77626e-21)
(-0 -0 0)
(-0 -0 -5.3668e-18)
(-0 -0 6.77626e-21)
(-0 -0 0)
(-0 -0 -3.38813e-21)
(-0 -0 -6.77626e-21)
(-0 -0 5.39729e-18)
(-0 -0 0)
(-0 -0 0)
(-0 -0 0)
(-0 -0 0)
(-0 -0 0)
(-0 -0 0)
(-0 -0 -3.38813e-21)
(-0 -0 -3.38813e-21)
(-0 -0 -5.43456e-18)
(-0 -0 -3.38813e-21)
(-0 -0 0)
(-0 -0 -3.38813e-21)
(-0 -0 5.45489e-18)
(-0 -0 0)
(-0 -0 0)
(-0 -0 0)
(-0 -0 -5.47861e-18)
(-0 -0 5.482e-18)
(-0 -0 3.38813e-21)
(-0 -0 3.38813e-21)
(-0 -0 6.77626e-21)
(-0 -0 0)
(-0 -0 0)
(-0 -0 -5.5091e-18)
(-0 -0 5.51249e-18)
(-0 -0 -3.38813e-21)
(-0 -0 0)
(-0 -0 0)
(-0 -0 0)
(-0 -0 -5.54298e-18)
(-0 -0 5.54976e-18)
(-0 -0 -5.55654e-18)
(-0 -0 5.55654e-18)
(-0 -0 -5.57009e-18)
(-0 -0 5.57009e-18)
(-0 -0 -3.38813e-21)
(-0 -0 -5.58703e-18)
(-0 -0 5.58364e-18)
(-0 -0 3.38813e-21)
(-0 -0 0)
(-0 -0 -3.38813e-21)
(-0 -0 -5.60397e-18)
(-0 -0 5.60736e-18)
(-0 -0 -5.61752e-18)
(-0 -0 5.62091e-18)
(-0 -0 -3.38813e-21)
(-0 -0 -5.63446e-18)
(-0 -0 5.64124e-18)
(-0 -0 -5.64124e-18)
(-0 -0 0)
(-0 -0 5.65479e-18)
(-0 -0 0)
(-0 -0 0)
(-0 -0 0)
(-0 -0 -3.38813e-21)
(-0 -0 -5.67851e-18)
(-0 -0 5.68529e-18)
(-0 -0 -3.38813e-21)
(-0 -0 -5.69545e-18)
(-0 -0 6.77626e-21)
(-0 -0 -3.38813e-21)
(-0 -0 5.709e-18)
(-0 -0 3.38813e-21)
(-0 -0 6.77626e-21)
(-0 -0 -5.73272e-18)
(-0 -0 5.72594e-18)
(-0 -0 0)
(-0 -0 -3.38813e-21)
(-0 -0 -6.77626e-21)
(-0 -0 0)
(-0 -0 3.38813e-21)
(-0 -0 0)
(-0 -0 0)
(-0 -0 -5.77338e-18)
(-0 -0 5.78015e-18)
(-0 -0 6.77626e-21)
(-0 -0 -5.79371e-18)
(-0 -0 5.80726e-18)
(-0 -0 -5.80726e-18)
(-0 -0 6.77626e-21)
(-0 -0 0)
(-0 -0 5.82081e-18)
(-0 -0 0)
(-0 -0 0)
(-0 -0 -5.83436e-18)
(-0 -0 6.77626e-21)
(-0 -0 5.84114e-18)
(-0 -0 -5.85469e-18)
(-0 -0 0)
(-0 -0 5.86147e-18)
(-0 -0 0)
(-0 -0 -5.87502e-18)
(-0 -0 5.8818e-18)
(-0 -0 0)
(-0 -0 0)
(-0 -0 -5.89535e-18)
(-0 -0 5.89535e-18)
(-0 -0 -5.9089e-18)
(-0 -0 5.91568e-18)
(-0 -0 0)
(-0 -0 0)
(-0 -0 0)
(-0 -0 0)
(-0 -0 -5.93601e-18)
(-0 -0 5.94956e-18)
(-0 -0 0)
(-0 -0 0)
(-0 -0 0)
(-0 -0 -5.96989e-18)
(-0 -0 5.97666e-18)
(-0 -0 -6.77626e-21)
(-0 -0 -6.77626e-21)
(-0 -0 -5.98344e-18)
(-0 -0 5.99699e-18)
(-0 -0 -6.77626e-21)
(-0 -0 0)
(-0 -0 6.77626e-21)
(-0 -0 0)
(-0 -0 -6.77626e-21)
(-0 -0 0)
(-0 -0 -6.77626e-21)
(-0 -0 0)
(-0 -0 -6.0512e-18)
(-0 -0 0)
(-0 -0 6.05798e-18)
(-0 -0 -6.06476e-18)
(-0 -0 6.07831e-18)
(-0 -0 -6.07831e-18)
(-0 -0 0)
(-0 -0 6.08508e-18)
(-0 -0 0)
(-0 -0 -6.09864e-18)
(-0 -0 1.22041e-17)
(-0 -0 -1.22176e-17)
(-0 -0 6.11897e-18)
(-0 -0 -6.11897e-18)
(-0 -0 6.12574e-18)
(-0 -0 6.77626e-21)
(-0 -0 0)
(-0 -0 0)
(-0 -0 -6.15962e-18)
(-0 -0 6.77626e-21)
(-0 -0 6.1664e-18)
(-0 -0 -6.77626e-21)
(-0 -0 6.17995e-18)
(-0 -0 -6.17995e-18)
(-0 -0 -6.18673e-18)
(-0 -0 6.77626e-21)
(-0 -0 6.20706e-18)
(-0 -0 -6.20028e-18)
(-0 -0 0)
(-0 -0 6.20706e-18)
(-0 -0 -6.22061e-18)
(-0 -0 6.23416e-18)
(-0 -0 -6.22739e-18)
(-0 -0 0)
(-0 -0 -6.24772e-18)
(-0 -0 6.25449e-18)
(-0 -0 1.2509e-17)
(-0 -0 -6.26127e-18)
(-0 -0 0)
(-0 -0 -6.77626e-21)
(-0 -0 0)
(-0 -0 -6.27482e-18)
(-0 -0 0)
(-0 -0 6.77626e-21)
(-0 -0 6.30193e-18)
(-0 -0 6.31548e-18)
(-0 -0 -6.31548e-18)
(-0 -0 0)
(-0 -0 0)
(-0 -0 0)
(-0 -0 -6.34258e-18)
(-0 -0 1.26987e-17)
(-0 -0 -6.34936e-18)
(-0 -0 6.35614e-18)
(-0 -0 -1.27258e-17)
(-0 -0 0)
(-0 -0 6.77626e-21)
(-0 -0 1.27529e-17)
(-0 -0 -6.39002e-18)
(-0 -0 6.77626e-21)
(-0 -0 0)
(-0 -0 6.39679e-18)
(-0 -0 -1.28275e-17)
(-0 -0 1.28342e-17)
(-0 -0 -6.43067e-18)
(-0 -0 -6.43067e-18)
(-0 -0 0)
(-0 -0 0)
(-0 -0 6.44423e-18)
(-0 -0 0)
(-0 -0 -6.77626e-21)
(-0 -0 6.77626e-21)
(-0 -0 -6.47133e-18)
(-0 -0 0)
(-0 -0 6.48488e-18)
(-0 -0 -6.47811e-18)
(-0 -0 0)
(-0 -0 6.50521e-18)
(-0 -0 6.77626e-21)
(-0 -0 6.77626e-21)
(-0 -0 -6.51199e-18)
(-0 -0 -6.77626e-21)
(-0 -0 0)
(-0 -0 6.53909e-18)
(-0 -0 -6.54587e-18)
(-0 -0 6.55265e-18)
(-0 -0 -6.55942e-18)
(-0 -0 1.31188e-17)
(-0 -0 -6.5662e-18)
(-0 -0 0)
(-0 -0 -6.57975e-18)
(-0 -0 6.57975e-18)
(-0 -0 0)
(-0 -0 -6.60008e-18)
(-0 -0 6.5933e-18)
(-0 -0 -6.77626e-21)
(-0 -0 -6.61363e-18)
(-0 -0 0)
(-0 -0 6.62041e-18)
(-0 -0 -6.63396e-18)
(-0 -0 6.64074e-18)
(-0 -0 -6.77626e-21)
(-0 -0 -6.64751e-18)
(-0 -0 6.66107e-18)
(-0 -0 -6.67462e-18)
(-0 -0 6.77626e-21)
(-0 -0 6.67462e-18)
(-0 -0 -6.77626e-21)
(-0 -0 -6.77626e-21)
(-0 -0 0)
(-0 -0 -6.69495e-18)
(-0 -0 6.70172e-18)
(-0 -0 0)
(-0 -0 -6.72205e-18)
(-0 -0 0)
(-0 -0 1.3478e-17)
(-0 -0 -1.34848e-17)
(-0 -0 6.73561e-18)
(-0 -0 0)
(-0 -0 6.77626e-21)
(-0 -0 6.76271e-18)
(-0 -0 -1.35458e-17)
(-0 -0 6.78304e-18)
(-0 -0 -6.78982e-18)
(-0 -0 6.79659e-18)
(-0 -0 6.77626e-21)
(-0 -0 0)
(-0 -0 -6.80337e-18)
(-0 -0 0)
(-0 -0 6.77626e-21)
(-0 -0 6.8237e-18)
(-0 -0 0)
(-0 -0 6.77626e-21)
(-0 -0 0)
(-0 -0 -6.77626e-21)
(-0 -0 -6.87113e-18)
(-0 -0 6.86436e-18)
(-0 -0 6.87113e-18)
(-0 -0 -6.88468e-18)
(-0 -0 -6.77626e-21)
(-0 -0 -6.89146e-18)
(-0 -0 6.90501e-18)
(-0 -0 -6.91179e-18)
(-0 -0 0)
(-0 -0 6.77626e-21)
(-0 -0 6.93212e-18)
(-0 -0 0)
(-0 -0 0)
(-0 -0 -6.95245e-18)
(-0 -0 6.94567e-18)
(-0 -0 0)
(-0 -0 0)
(-0 -0 -6.97278e-18)
(-0 -0 1.39523e-17)
(-0 -0 -6.9931e-18)
(-0 -0 0)
(-0 -0 0)
(-0 -0 -7.01343e-18)
(-0 -0 6.77626e-21)
(-0 -0 7.00666e-18)
(-0 -0 -7.04054e-18)
(-0 -0 0)
(-0 -0 7.03376e-18)
(-0 -0 0)
(-0 -0 0)
(-0 -0 0)
(-0 -0 0)
(-0 -0 -7.0812e-18)
(-0 -0 0)
(-0 -0 1.41692e-17)
(-0 -0 -7.08797e-18)
(-0 -0 7.08797e-18)
(-0 -0 -7.10152e-18)
(-0 -0 -7.1083e-18)
(-0 -0 0)
(-0 -0 0)
(-0 -0 7.12863e-18)
(-0 -0 0)
(-0 -0 0)
(-0 -0 -7.14896e-18)
(-0 -0 7.15573e-18)
(-0 -0 7.16251e-18)
(-0 -0 -1.43453e-17)
(-0 -0 0)
(-0 -0 7.18284e-18)
(-0 -0 -7.19639e-18)
(-0 -0 7.20317e-18)
(-0 -0 0)
(-0 -0 -7.20317e-18)
(-0 -0 0)
(-0 -0 0)
(-0 -0 0)
(-0 -0 7.23705e-18)
(-0 -0 -7.2506e-18)
(-0 -0 0)
(-0 -0 6.77626e-21)
(-0 -0 7.25738e-18)
(-0 -0 -7.27093e-18)
(-0 -0 7.28448e-18)
(-0 -0 -7.28448e-18)
(-0 -0 7.29804e-18)
(-0 -0 -7.29804e-18)
(-0 -0 6.77626e-21)
(-0 -0 0)
(-0 -0 7.31836e-18)
(-0 -0 -6.77626e-21)
(-0 -0 -7.33192e-18)
(-0 -0 7.33869e-18)
(-0 -0 -7.35225e-18)
(-0 -0 0)
(-0 -0 7.35902e-18)
(-0 -0 0)
(-0 -0 7.37935e-18)
(-0 -0 -7.37935e-18)
(-0 -0 -7.3929e-18)
(-0 -0 7.38613e-18)
(-0 -0 -7.40646e-18)
(-0 -0 7.41323e-18)
(-0 -0 0)
(-0 -0 0)
(-0 -0 0)
(-0 -0 0)
(-0 -0 0)
(-0 -0 -7.45389e-18)
(-0 -0 7.45389e-18)
(-0 -0 -7.46744e-18)
(-0 -0 6.77626e-21)
(-0 -0 7.47422e-18)
(-0 -0 0)
(-0 -0 -6.77626e-21)
(-0 -0 7.50132e-18)
(-0 -0 -1.50162e-17)
(-0 -0 7.51488e-18)
(-0 -0 1.35525e-20)
(-0 -0 0)
(-0 -0 0)
(-0 -0 0)
(-0 -0 0)
(-0 -0 0)
(-0 -0 -7.56909e-18)
(-0 -0 7.57586e-18)
(-0 -0 -6.77626e-21)
(-0 -0 -6.77626e-21)
(-0 -0 6.77626e-21)
(-0 -0 -6.77626e-21)
(-0 -0 -7.60974e-18)
(-0 -0 0)
(-0 -0 7.6233e-18)
(-0 -0 0)
(-0 -0 -6.77626e-21)
(-0 -0 -7.6504e-18)
(-0 -0 7.64363e-18)
(-0 -0 0)
(-0 -0 7.66395e-18)
(-0 -0 -7.67073e-18)
(-0 -0 -7.68428e-18)
(-0 -0 0)
(-0 -0 1.53821e-17)
(-0 -0 -7.71139e-18)
(-0 -0 -1.15603e-17)
(-0 -0 0)
(-0 -0 1.54363e-17)
(-0 -0 -1.54567e-17)
(-0 -0 1.16145e-17)
(-0 -0 0)
(-0 -0 -7.74527e-18)
(-0 -0 0)
(-0 -0 -3.87602e-18)
(-0 -0 3.8828e-18)
(-0 -0 1.16687e-17)
(-0 -0 -1.16687e-17)
(-0 -0 1.16958e-17)
(-0 -0 -7.79948e-18)
(-0 -0 0)
(-0 -0 -7.81303e-18)
(-0 -0 -3.90313e-18)
(-0 -0 1.95834e-17)
(-0 -0 -7.84691e-18)
(-0 -0 -3.92346e-18)
(-0 -0 1.17771e-17)
(-0 -0 -1.17975e-17)
(-0 -0 3.93023e-18)
(-0 -0 7.88079e-18)
(-0 -0 -3.94379e-18)
(-0 -0 -1.18314e-17)
(-0 -0 0)
(-0 -0 7.9079e-18)
(-0 -0 1.18652e-17)
(-0 -0 -1.58294e-17)
(-0 -0 1.58632e-17)
(-0 -0 -1.19059e-17)
(-0 -0 0)
(-0 -0 3.97767e-18)
(-0 -0 -3.98444e-18)
(-0 -0 -7.95533e-18)
(-0 -0 1.99358e-17)
(-0 -0 -3.99122e-18)
(-0 -0 3.98444e-18)
(-0 -0 -3.998e-18)
(-0 -0 -4.00477e-18)
(-0 -0 -1.20075e-17)
(-0 -0 1.20279e-17)
(-0 -0 6.77626e-21)
(-0 -0 -4.01155e-18)
(-0 -0 4.01155e-18)
(-0 -0 4.03865e-18)
(-0 -0 -1.20821e-17)
(-0 -0 -4.0251e-18)
(-0 -0 8.07053e-18)
(-0 -0 8.07731e-18)
(-0 -0 -1.21227e-17)
(-0 -0 8.08408e-18)
(-0 -0 -4.05221e-18)
(-0 -0 -1.62156e-17)
(-0 -0 1.21702e-17)
(-0 -0 -1.35525e-20)
(-0 -0 4.05898e-18)
(-0 -0 -4.07931e-18)
(-0 -0 8.14507e-18)
(-0 -0 0)
(-0 -0 6.77626e-21)
(-0 -0 -8.17217e-18)
(-0 -0 4.08609e-18)
(-0 -0 8.17895e-18)
(-0 -0 -1.22921e-17)
(-0 -0 4.09286e-18)
(-0 -0 8.20606e-18)
(-0 -0 -4.11319e-18)
(-0 -0 -6.77626e-21)
(-0 -0 -1.23396e-17)
(-0 -0 8.23994e-18)
(-0 -0 0)
(-0 -0 8.26704e-18)
(-0 -0 -1.65273e-17)
(-0 -0 1.24141e-17)
(-0 -0 4.1403e-18)
(-0 -0 -4.14707e-18)
(-0 -0 0)
(-0 -0 8.3077e-18)
(-0 -0 -8.31448e-18)
(-0 -0 1.24751e-17)
(-0 -0 -4.17418e-18)
(-0 -0 -1.24887e-17)
(-0 -0 8.3348e-18)
(-0 -0 -1.25293e-17)
(-0 -0 -6.77626e-21)
(-0 -0 6.77626e-21)
(-0 -0 0)
(-0 -0 8.37546e-18)
(-0 -0 4.20128e-18)
(-0 -0 -8.38901e-18)
(-0 -0 -4.20128e-18)
(-0 -0 1.68255e-17)
(-0 -0 -8.41612e-18)
(-0 -0 4.20806e-18)
(-0 -0 -1.26581e-17)
(-0 -0 0)
(-0 -0 4.22161e-18)
(-0 -0 4.22161e-18)
(-0 -0 0)
(-0 -0 -8.47033e-18)
(-0 -0 -4.24194e-18)
(-0 -0 1.69813e-17)
(-0 -0 -1.27462e-17)
(-0 -0 0)
(-0 -0 4.26227e-18)
(-0 -0 -4.25549e-18)
(-0 -0 1.27936e-17)
(-0 -0 -8.54487e-18)
(-0 -0 1.28275e-17)
(-0 -0 -1.28275e-17)
(-0 -0 0)
(-0 -0 4.28937e-18)
(-0 -0 -1.71507e-17)
(-0 -0 6.77626e-21)
(-0 -0 1.28952e-17)
(-0 -0 -4.30293e-18)
(-0 -0 8.61263e-18)
(-0 -0 -1.29291e-17)
(-0 -0 6.77626e-21)
(-0 -0 8.64651e-18)
(-0 -0 1.29765e-17)
(-0 -0 -4.33003e-18)
(-0 -0 -8.66006e-18)
(-0 -0 -4.33681e-18)
(-0 -0 8.67362e-18)
(-0 -0 -1.73676e-17)
(-0 -0 4.35036e-18)
(-0 -0 8.70072e-18)
(-0 -0 0)
(-0 -0 4.35714e-18)
(-0 -0 -8.72105e-18)
(-0 -0 1.74624e-17)
(-0 -0 -1.74692e-17)
(-0 -0 4.37069e-18)
(-0 -0 0)
(-0 -0 0)
(-0 -0 0)
(-0 -0 6.77626e-21)
(-0 -0 4.39102e-18)
(-0 -0 8.78881e-18)
(-0 -0 -1.32069e-17)
(-0 -0 8.80914e-18)
(-0 -0 -4.41135e-18)
(-0 -0 4.41135e-18)
(-0 -0 -4.41135e-18)
(-0 -0 -8.8498e-18)
(-0 -0 4.41812e-18)
(-0 -0 -4.43168e-18)
(-0 -0 1.7747e-17)
(-0 -0 -1.77538e-17)
(-0 -0 8.88368e-18)
(-0 -0 0)
(-0 -0 -8.89046e-18)
(-0 -0 0)
(-0 -0 4.46556e-18)
(-0 -0 0)
(-0 -0 8.94467e-18)
(-0 -0 -1.34306e-17)
(-0 -0 4.47233e-18)
(-0 -0 -4.49266e-18)
(-0 -0 6.77626e-21)
(-0 -0 4.49266e-18)
(-0 -0 8.98533e-18)
(-0 -0 4.49944e-18)
(-0 -0 -9.00565e-18)
(-0 -0 -9.02598e-18)
(-0 -0 4.51299e-18)
(-0 -0 -4.52654e-18)
(-0 -0 1.35593e-17)
(-0 -0 0)
(-0 -0 0)
(-0 -0 -1.35864e-17)
(-0 -0 9.07342e-18)
(-0 -0 -1.36338e-17)
(-0 -0 4.5401e-18)
(-0 -0 4.55365e-18)
(-0 -0 9.1073e-18)
(-0 -0 4.56043e-18)
(-0 -0 -9.12763e-18)
(-0 -0 -4.5672e-18)
(-0 -0 -9.1344e-18)
(-0 -0 9.15473e-18)
(-0 -0 9.16828e-18)
(-0 -0 -9.16828e-18)
(-0 -0 -6.77626e-21)
(-0 -0 9.18184e-18)
(-0 -0 -4.59431e-18)
(-0 -0 0)
(-0 -0 -4.59431e-18)
(-0 -0 -9.21572e-18)
(-0 -0 1.84653e-17)
(-0 -0 -9.22927e-18)
(-0 -0 0)
(-0 -0 4.62141e-18)
(-0 -0 -4.63496e-18)
(-0 -0 4.64174e-18)
(-0 -0 -1.39252e-17)
(-0 -0 9.29703e-18)
(-0 -0 0)
(-0 -0 1.39659e-17)
(-0 -0 -4.66885e-18)
(-0 -0 -1.86347e-17)
(-0 -0 9.32414e-18)
(-0 -0 0)
(-0 -0 0)
(-0 -0 9.35124e-18)
(-0 -0 -9.35802e-18)
(-0 -0 -6.77626e-21)
(-0 -0 -4.69595e-18)
(-0 -0 9.39868e-18)
(-0 -0 -4.7095e-18)
(-0 -0 -4.69595e-18)
(-0 -0 6.77626e-21)
(-0 -0 1.88516e-17)
(-0 -0 -4.71628e-18)
(-0 -0 0)
(-0 -0 -9.45289e-18)
(-0 -0 -4.74338e-18)
(-0 -0 6.77626e-21)
(-0 -0 0)
(-0 -0 1.89871e-17)
(-0 -0 4.75016e-18)
(-0 -0 -2.37711e-17)
(-0 -0 4.76371e-18)
(-0 -0 9.52743e-18)
(-0 -0 -1.42911e-17)
(-0 -0 -9.54098e-18)
(-0 -0 4.77049e-18)
(-0 -0 1.43521e-17)
(-0 -0 -1.43657e-17)
(-0 -0 9.58841e-18)
(-0 -0 4.79082e-18)
(-0 -0 0)
(-0 -0 -4.79759e-18)
(-0 -0 0)
(-0 -0 -4.81115e-18)
(-0 -0 6.77626e-21)
(-0 -0 9.64262e-18)
(-0 -0 -4.8247e-18)
(-0 -0 4.83148e-18)
(-0 -0 9.66973e-18)
(-0 -0 -9.69006e-18)
(-0 -0 1.35525e-20)
(-0 -0 -1.45486e-17)
(-0 -0 1.45486e-17)
(-0 -0 -9.71039e-18)
(-0 -0 0)
(-0 -0 1.45961e-17)
(-0 -0 -4.87213e-18)
(-0 -0 -9.75782e-18)
(-0 -0 1.46367e-17)
(-0 -0 -4.87213e-18)
(-0 -0 -9.77815e-18)
(-0 -0 1.95698e-17)
(-0 -0 -1.46977e-17)
(-0 -0 0)
(-0 -0 -9.81203e-18)
(-0 -0 4.90601e-18)
(-0 -0 4.92634e-18)
(-0 -0 4.91279e-18)
(-0 -0 4.93312e-18)
(-0 -0 0)
(-0 -0 -9.86624e-18)
(-0 -0 0)
(-0 -0 0)
(-0 -0 -9.90012e-18)
(-0 -0 6.77626e-21)
(-0 -0 1.48739e-17)
(-0 -0 4.97378e-18)
(-0 -0 -9.94078e-18)
(-0 -0 9.94755e-18)
(-0 -0 4.967e-18)
(-0 -0 -1.49484e-17)
(-0 -0 0)
(-0 -0 9.99499e-18)
(-0 -0 -1.49891e-17)
(-0 -0 -6.77626e-21)
(-0 -0 1.50162e-17)
(-0 -0 -1.00221e-17)
(-0 -0 -6.77626e-21)
(-0 -0 5.01444e-18)
(-0 -0 -1.50704e-17)
(-0 -0 -5.02121e-18)
(-0 -0 1.51111e-17)
(-0 -0 -1.00763e-17)
(-0 -0 2.01662e-17)
(-0 -0 -5.04154e-18)
(-0 -0 5.05509e-18)
(-0 -0 -1.01237e-17)
(-0 -0 1.01237e-17)
(-0 -0 -1.01305e-17)
(-0 -0 5.06865e-18)
(-0 -0 -1.01576e-17)
(-0 -0 5.0822e-18)
(-0 -0 -1.01644e-17)
(-0 -0 1.01847e-17)
(-0 -0 -5.09575e-18)
(-0 -0 5.10253e-18)
(-0 -0 0)
(-0 -0 0)
(-0 -0 1.02322e-17)
(-0 -0 -5.12286e-18)
(-0 -0 -1.53686e-17)
(-0 -0 1.53889e-17)
(-0 -0 -1.02593e-17)
(-0 -0 1.54228e-17)
(-0 -0 -1.54228e-17)
(-0 -0 1.54499e-17)
(-0 -0 -1.03135e-17)
(-0 -0 -5.15674e-18)
(-0 -0 5.16351e-18)
(-0 -0 -5.17029e-18)
(-0 -0 2.58514e-17)
(-0 -0 -2.58853e-17)
(-0 -0 5.17707e-18)
(-0 -0 1.03745e-17)
(-0 -0 -6.77626e-21)
(-0 -0 -1.55786e-17)
(-0 -0 1.55922e-17)
(-0 -0 5.21772e-18)
(-0 -0 -1.04287e-17)
(-0 -0 -1.56464e-17)
(-0 -0 2.08844e-17)
(-0 -0 -1.04626e-17)
(-0 -0 -6.77626e-21)
(-0 -0 -5.23805e-18)
(-0 -0 1.04829e-17)
(-0 -0 0)
(-0 -0 -5.25838e-18)
(-0 -0 -1.051e-17)
(-0 -0 2.10403e-17)
(-0 -0 -1.58022e-17)
(-0 -0 5.25838e-18)
(-0 -0 1.58226e-17)
(-0 -0 -1.0571e-17)
(-0 -0 -1.05642e-17)
(-0 -0 1.05845e-17)
(-0 -0 -2.11894e-17)
(-0 -0 1.05981e-17)
(-0 -0 -5.30581e-18)
(-0 -0 1.06116e-17)
(-0 -0 -5.31259e-18)
(-0 -0 5.31937e-18)
(-0 -0 5.33292e-18)
(-0 -0 -1.06658e-17)
(-0 -0 6.77626e-21)
(-0 -0 1.06794e-17)
(-0 -0 0)
(-0 -0 -5.34647e-18)
(-0 -0 -1.06997e-17)
(-0 -0 2.14401e-17)
(-0 -0 -1.07268e-17)
(-0 -0 5.3668e-18)
(-0 -0 -1.07607e-17)
(-0 -0 1.07607e-17)
(-0 -0 5.37358e-18)
(-0 -0 -1.61614e-17)
(-0 -0 1.0781e-17)
(-0 -0 5.40746e-18)
(-0 -0 -5.40746e-18)
(-0 -0 -1.62224e-17)
(-0 -0 1.08285e-17)
(-0 -0 -1.08488e-17)
(-0 -0 2.17044e-17)
(-0 -0 -1.62766e-17)
(-0 -0 6.77626e-21)
(-0 -0 2.71999e-17)
(-0 -0 -2.17857e-17)
(-0 -0 -5.45489e-18)
(-0 -0 0)
(-0 -0 6.77626e-21)
(-0 -0 5.46167e-18)
(-0 -0 5.46844e-18)
(-0 -0 1.09437e-17)
(-0 -0 0)
(-0 -0 -2.19348e-17)
(-0 -0 -5.482e-18)
(-0 -0 -6.77626e-21)
(-0 -0 5.50233e-18)
(-0 -0 -5.5091e-18)
(-0 -0 1.10182e-17)
(-0 -0 0)
(-0 -0 1.10521e-17)
(-0 -0 -1.65883e-17)
(-0 -0 1.10656e-17)
(-0 -0 -1.10656e-17)
(-0 -0 2.21855e-17)
(-0 -0 -2.2199e-17)
(-0 -0 1.66628e-17)
(-0 -0 5.55654e-18)
(-0 -0 -2.226e-17)
(-0 -0 -5.56331e-18)
(-0 -0 2.23007e-17)
(-0 -0 -1.11605e-17)
(-0 -0 0)
(-0 -0 5.59042e-18)
(-0 -0 -5.59719e-18)
(-0 -0 5.59042e-18)
(-0 -0 0)
(-0 -0 -5.60397e-18)
(-0 -0 5.61752e-18)
(-0 -0 0)
(-0 -0 -5.61752e-18)
(-0 -0 1.12622e-17)
(-0 -0 -1.12757e-17)
(-0 -0 6.77626e-21)
(-0 -0 -5.6514e-18)
(-0 -0 1.13096e-17)
(-0 -0 -5.6514e-18)
(-0 -0 -6.77626e-21)
(-0 -0 5.67173e-18)
(-0 -0 0)
(-0 -0 0)
(-0 -0 0)
(-0 -0 -5.68529e-18)
(-0 -0 5.69884e-18)
(-0 -0 -1.70965e-17)
(-0 -0 1.71101e-17)
(-0 -0 5.71239e-18)
(-0 -0 6.77626e-21)
(-0 -0 5.71917e-18)
(-0 -0 -2.29241e-17)
(-0 -0 1.14654e-17)
(-0 -0 5.73272e-18)
(-0 -0 5.7395e-18)
(-0 -0 -2.29986e-17)
(-0 -0 -5.75305e-18)
(-0 -0 1.15196e-17)
(-0 -0 5.75305e-18)
(-0 -0 -1.15468e-17)
(-0 -0 0)
(-0 -0 5.78693e-18)
(-0 -0 -5.79371e-18)
(-0 -0 -1.15739e-17)
(-0 -0 2.32019e-17)
(-0 -0 6.77626e-21)
(-0 -0 0)
(-0 -0 -1.16213e-17)
(-0 -0 1.16416e-17)
(-0 -0 -5.82081e-18)
(-0 -0 1.16619e-17)
(-0 -0 0)
(-0 -0 -5.84114e-18)
(-0 -0 -5.85469e-18)
(-0 -0 5.85469e-18)
(-0 -0 -5.85469e-18)
(-0 -0 -6.77626e-21)
(-0 -0 0)
(-0 -0 1.175e-17)
(-0 -0 6.77626e-21)
(-0 -0 -1.17704e-17)
(-0 -0 5.90213e-18)
(-0 -0 -1.17839e-17)
(-0 -0 0)
(-0 -0 1.77267e-17)
(-0 -0 -2.36627e-17)
(-0 -0 2.3683e-17)
(-0 -0 -1.18449e-17)
(-0 -0 5.92923e-18)
(-0 -0 -5.94278e-18)
(-0 -0 -1.78216e-17)
(-0 -0 1.78487e-17)
(-0 -0 5.95634e-18)
(-0 -0 -1.19127e-17)
(-0 -0 1.78826e-17)
(-0 -0 -5.95634e-18)
(-0 -0 6.77626e-21)
(-0 -0 -5.97666e-18)
(-0 -0 0)
(-0 -0 0)
(-0 -0 -6.77626e-21)
(-0 -0 0)
(-0 -0 6.01055e-18)
(-0 -0 -6.01055e-18)
(-0 -0 0)
(-0 -0 1.20482e-17)
(-0 -0 -1.20685e-17)
(-0 -0 -6.04443e-18)
(-0 -0 6.03765e-18)
(-0 -0 1.20956e-17)
(-0 -0 -1.81604e-17)
(-0 -0 6.04443e-18)
(-0 -0 -1.21295e-17)
(-0 -0 1.82078e-17)
(-0 -0 1.21431e-17)
(-0 -0 -3.04119e-17)
(-0 -0 1.21702e-17)
(-0 -0 6.09864e-18)
(-0 -0 6.09186e-18)
(-0 -0 -1.22108e-17)
(-0 -0 -1.83298e-17)
(-0 -0 3.66935e-17)
(-0 -0 -1.22447e-17)
(-0 -0 -6.12574e-18)
(-0 -0 1.2265e-17)
(-0 -0 0)
(-0 -0 -1.22854e-17)
(-0 -0 6.15285e-18)
(-0 -0 -6.15285e-18)
(-0 -0 6.1664e-18)
(-0 -0 -6.15962e-18)
(-0 -0 6.77626e-21)
(-0 -0 0)
(-0 -0 1.23735e-17)
(-0 -0 -1.85737e-17)
(-0 -0 1.2387e-17)
(-0 -0 1.24006e-17)
(-0 -0 -1.24073e-17)
(-0 -0 0)
(-0 -0 0)
(-0 -0 6.22739e-18)
(-0 -0 6.77626e-21)
(-0 -0 -6.24094e-18)
(-0 -0 6.22739e-18)
(-0 -0 -6.25449e-18)
(-0 -0 6.24772e-18)
(-0 -0 -1.25225e-17)
(-0 -0 -6.26127e-18)
(-0 -0 1.25429e-17)
(-0 -0 0)
(-0 -0 0)
(-0 -0 0)
(-0 -0 -6.29515e-18)
(-0 -0 -6.30193e-18)
(-0 -0 6.31548e-18)
(-0 -0 -6.31548e-18)
(-0 -0 -6.77626e-21)
(-0 -0 6.32903e-18)
(-0 -0 1.90006e-17)
(-0 -0 -1.90006e-17)
(-0 -0 -6.34258e-18)
(-0 -0 -6.34258e-18)
(-0 -0 2.54178e-17)
(-0 -0 -1.27258e-17)
(-0 -0 -9.55453e-18)
(-0 -0 1.27529e-17)
(-0 -0 -6.77626e-21)
(-0 -0 -9.57486e-18)
(-0 -0 9.58164e-18)
(-0 -0 -1.27936e-17)
(-0 -0 2.88127e-17)
(-0 -0 0)
(-0 -0 -2.56685e-17)
(-0 -0 -9.63585e-18)
(-0 -0 1.92785e-17)
(-0 -0 -6.77626e-21)
(-0 -0 1.61004e-17)
(-0 -0 -1.6114e-17)
(-0 -0 -3.23228e-18)
(-0 -0 3.23228e-18)
(-0 -0 9.69683e-18)
(-0 -0 -3.23905e-18)
(-0 -0 -9.72394e-18)
(-0 -0 -6.48488e-18)
(-0 -0 6.77626e-21)
(-0 -0 -3.25261e-18)
(-0 -0 2.92531e-17)
(-0 -0 -9.7646e-18)
(-0 -0 -1.9536e-17)
(-0 -0 9.77137e-18)
(-0 -0 3.24583e-18)
(-0 -0 6.53232e-18)
(-0 -0 -3.59345e-17)
(-0 -0 2.94429e-17)
(-0 -0 -6.55942e-18)
(-0 -0 3.26616e-18)
(-0 -0 1.31256e-17)
(-0 -0 -2.6258e-17)
(-0 -0 1.97122e-17)
(-0 -0 -1.31595e-17)
(-0 -0 1.97664e-17)
(-0 -0 -9.87979e-18)
(-0 -0 9.89334e-18)
(-0 -0 -2.31003e-17)
(-0 -0 6.60008e-18)
(-0 -0 -9.92045e-18)
(-0 -0 6.64074e-18)
(-0 -0 -1.6568e-17)
(-0 -0 3.31766e-17)
(-0 -0 -6.64074e-18)
(-0 -0 -2.99172e-17)
(-0 -0 1.99629e-17)
(-0 -0 1.33154e-17)
(-0 -0 6.66784e-18)
(-0 -0 -1.33357e-17)
(-0 -0 6.77626e-21)
(-0 -0 1.3356e-17)
(-0 -0 3.34747e-18)
(-0 -0 -1.33831e-17)
(-0 -0 0)
(-0 -0 1.6778e-17)
(-0 -0 -4.70137e-17)
(-0 -0 2.01662e-17)
(-0 -0 -2.35475e-17)
(-0 -0 2.02068e-17)
(-0 -0 -3.37458e-18)
(-0 -0 6.75593e-18)
(-0 -0 3.71543e-17)
(-0 -0 -6.76949e-18)
(-0 -0 -6.76949e-18)
(-0 -0 -1.35458e-17)
(-0 -0 1.01712e-17)
(-0 -0 -6.78982e-18)
(-0 -0 -2.71593e-17)
(-0 -0 2.3805e-17)
(-0 -0 -1.70084e-17)
(-0 -0 6.77626e-21)
(-0 -0 2.04643e-17)
(-0 -0 -6.77626e-21)
(-0 -0 -2.04982e-17)
(-0 -0 3.42879e-18)
(-0 -0 6.77626e-21)
(-0 -0 -1.02728e-17)
(-0 -0 1.71372e-17)
(-0 -0 -1.71507e-17)
(-0 -0 2.7471e-17)
(-0 -0 2.06202e-17)
(-0 -0 -4.47301e-17)
(-0 -0 -3.43557e-18)
(-0 -0 2.75862e-17)
(-0 -0 2.07015e-17)
(-0 -0 -4.14572e-17)
(-0 -0 2.4198e-17)
(-0 -0 -1.38304e-17)
(-0 -0 -1.73066e-17)
(-0 -0 4.50757e-17)
(-0 -0 -1.73405e-17)
(-0 -0 3.47622e-18)
(-0 -0 6.95245e-18)
(-0 -0 -1.04422e-17)
(-0 -0 -3.47622e-18)
(-0 -0 6.97278e-18)
(-0 -0 -1.04761e-17)
(-0 -0 -1.39727e-17)
(-0 -0 1.04829e-17)
(-0 -0 -1.04964e-17)
(-0 -0 2.80266e-17)
(-0 -0 3.50333e-18)
(-0 -0 -3.15842e-17)
(-0 -0 1.75573e-17)
(-0 -0 -1.05574e-17)
(-0 -0 1.7598e-17)
(-0 -0 -3.53043e-18)
(-0 -0 7.04731e-18)
(-0 -0 -2.11758e-17)
(-0 -0 2.11894e-17)
(-0 -0 -1.76793e-17)
(-0 -0 -7.0812e-18)
(-0 -0 3.53721e-18)
(-0 -0 2.48079e-17)
(-0 -0 -1.06387e-17)
(-0 -0 7.10152e-18)
(-0 -0 -3.20111e-17)
(-0 -0 -3.55754e-18)
(-0 -0 1.7808e-17)
(-0 -0 -7.12185e-18)
(-0 -0 6.77626e-21)
(-0 -0 7.15573e-18)
(-0 -0 -7.14896e-18)
(-0 -0 7.15573e-18)
(-0 -0 2.14875e-17)
(-0 -0 -2.15146e-17)
(-0 -0 -1.79435e-17)
(-0 -0 -1.43657e-17)
(-0 -0 4.31512e-17)
(-0 -0 1.07946e-17)
(-0 -0 -7.20994e-18)
(-0 -0 1.08217e-17)
(-0 -0 7.2235e-18)
(-0 -0 3.60497e-18)
(-0 -0 -4.33884e-17)
(-0 -0 3.25803e-17)
(-0 -0 -7.25738e-18)
(-0 -0 -3.6253e-17)
(-0 -0 7.25738e-18)
(-0 -0 -3.63208e-18)
(-0 -0 -3.63885e-18)
(-0 -0 1.45622e-17)
(-0 -0 -3.63885e-18)
(-0 -0 3.65918e-18)
(-0 -0 0)
(-0 -0 4.74948e-17)
(-0 -0 -3.29191e-17)
(-0 -0 -2.19619e-17)
(-0 -0 7.32514e-18)
(-0 -0 7.33192e-18)
(-0 -0 3.66596e-18)
(-0 -0 1.83637e-17)
(-0 -0 -1.10453e-17)
(-0 -0 -2.94361e-17)
(-0 -0 2.21109e-17)
(-0 -0 -3.69306e-18)
(-0 -0 3.32172e-17)
(-0 -0 -4.0644e-17)
(-0 -0 -3.69984e-18)
(-0 -0 1.10927e-17)
(-0 -0 -7.39968e-18)
(-0 -0 -2.59531e-17)
(-0 -0 5.19672e-17)
(-0 -0 -3.71407e-17)
(-0 -0 3.71949e-17)
(-0 -0 3.72694e-18)
(-0 -0 -2.60818e-17)
(-0 -0 2.61089e-17)
(-0 -0 -3.73304e-17)
(-0 -0 5.23128e-17)
(-0 -0 -4.86265e-17)
(-0 -0 2.24498e-17)
(-0 -0 -1.12418e-17)
(-0 -0 3.7405e-18)
(-0 -0 3.37932e-17)
(-0 -0 -4.13352e-17)
(-0 -0 7.52843e-18)
(-0 -0 -6.77626e-21)
(-0 -0 1.1296e-17)
(-0 -0 3.7676e-18)
(-0 -0 -3.3983e-17)
(-0 -0 1.51246e-17)
(-0 -0 7.56231e-18)
(-0 -0 -3.02831e-17)
(-0 -0 3.03102e-17)
(-0 -0 -2.65562e-17)
(-0 -0 6.77626e-21)
(-0 -0 1.90006e-17)
(-0 -0 7.61652e-18)
(-0 -0 -3.79471e-18)
(-0 -0 3.42947e-17)
(-0 -0 -2.6712e-17)
(-0 -0 -2.67256e-17)
(-0 -0 -3.81504e-18)
(-0 -0 3.82588e-17)
(-0 -0 -1.91429e-17)
(-0 -0 1.53279e-17)
(-0 -0 -7.67751e-18)
(-0 -0 -2.68679e-17)
(-0 -0 3.84892e-18)
(-0 -0 3.85569e-18)
(-0 -0 -3.85569e-18)
(-0 -0 2.69763e-17)
(-0 -0 -3.08659e-17)
(-0 -0 1.93056e-17)
(-0 -0 -2.70508e-17)
(-0 -0 1.1601e-17)
(-0 -0 3.48503e-17)
(-0 -0 -4.65055e-17)
(-0 -0 1.16281e-17)
(-0 -0 3.49384e-17)
(-0 -0 -1.94343e-17)
(-0 -0 3.88958e-18)
(-0 -0 1.55854e-17)
(-0 -0 7.7927e-18)
(-0 -0 -3.5101e-17)
(-0 -0 -3.9099e-18)
(-0 -0 6.77626e-21)
(-0 -0 3.92346e-18)
(-0 -0 4.69866e-17)
(-0 -0 -7.83336e-18)
(-0 -0 -4.70815e-17)
(-0 -0 1.17771e-17)
(-0 -0 -2.35814e-17)
(-0 -0 3.94379e-18)
(-0 -0 1.96783e-17)
(-0 -0 -1.18246e-17)
(-0 -0 1.18314e-17)
(-0 -0 -7.90112e-18)
(-0 -0 1.97596e-17)
(-0 -0 -1.58294e-17)
(-0 -0 3.96005e-17)
(-0 -0 -3.16994e-17)
(-0 -0 -7.92823e-18)
(-0 -0 -2.38186e-17)
(-0 -0 3.97563e-17)
(-0 -0 0)
(-0 -0 3.98444e-18)
(-0 -0 -3.98444e-18)
(-0 -0 -3.98444e-18)
(-0 -0 -1.99696e-17)
(-0 -0 1.1994e-17)
(-0 -0 7.99599e-18)
(-0 -0 8.00954e-18)
(-0 -0 8.00954e-18)
(-0 -0 -1.20414e-17)
(-0 -0 -1.60733e-17)
(-0 -0 3.61717e-17)
(-0 -0 -2.01255e-17)
(-0 -0 -2.81893e-17)
(-0 -0 -4.03865e-18)
(-0 -0 0)
(-0 -0 4.04543e-18)
(-0 -0 3.23431e-17)
(-0 -0 -4.04475e-17)
(-0 -0 2.42997e-17)
(-0 -0 3.64834e-17)
(-0 -0 1.35525e-20)
(-0 -0 -4.06576e-18)
(-0 -0 1.21905e-17)
(-0 -0 -1.62698e-17)
(-0 -0 6.77626e-21)
(-0 -0 -2.85348e-17)
(-0 -0 -1.22312e-17)
(-0 -0 1.63308e-17)
(-0 -0 1.2265e-17)
(-0 -0 -4.09286e-18)
(-0 -0 -1.63782e-17)
(-0 -0 2.04982e-17)
(-0 -0 8.1925e-18)
(-0 -0 -2.4652e-17)
(-0 -0 1.64392e-17)
(-0 -0 -8.23994e-18)
(-0 -0 -4.11997e-18)
(-0 -0 -4.53468e-17)
(-0 -0 4.95074e-17)
(-0 -0 -2.47808e-17)
(-0 -0 2.06744e-17)
(-0 -0 -8.27382e-18)
(-0 -0 3.7283e-17)
(-0 -0 4.1403e-18)
(-0 -0 -4.14911e-17)
(-0 -0 -2.07557e-17)
(-0 -0 1.24751e-17)
(-0 -0 2.91379e-17)
(-0 -0 -1.25022e-17)
(-0 -0 -4.17418e-18)
(-0 -0 -1.25225e-17)
(-0 -0 4.17689e-17)
(-0 -0 0)
(-0 -0 -4.60312e-17)
(-0 -0 -4.19451e-18)
(-0 -0 4.19451e-18)
(-0 -0 2.93751e-17)
(-0 -0 1.68051e-17)
(-0 -0 -2.5228e-17)
(-0 -0 -1.68322e-17)
(-0 -0 3.36848e-17)
(-0 -0 -4.21687e-17)
(-0 -0 4.21958e-17)
(-0 -0 2.53297e-17)
(-0 -0 -4.6519e-17)
(-0 -0 -1.69271e-17)
(-0 -0 4.23652e-17)
(-0 -0 0)
(-0 -0 -3.81978e-17)
(-0 -0 3.82317e-17)
(-0 -0 1.70016e-17)
(-0 -0 -4.68172e-17)
(-0 -0 2.13046e-17)
(-0 -0 1.27868e-17)
(-0 -0 -2.56143e-17)
(-0 -0 8.53809e-18)
(-0 -0 -2.99375e-17)
(-0 -0 4.28057e-17)
(-0 -0 -1.71304e-17)
(-0 -0 -4.28937e-18)
(-0 -0 8.5923e-18)
(-0 -0 1.71846e-17)
(-0 -0 -2.14943e-17)
(-0 -0 -2.15079e-17)
(-0 -0 1.29156e-17)
(-0 -0 -4.3097e-18)
(-0 -0 -1.72524e-17)
(-0 -0 -8.63296e-18)
(-0 -0 6.05459e-17)
(-0 -0 -8.64651e-18)
(-0 -0 -2.16569e-17)
(-0 -0 8.66684e-18)
(-0 -0 1.3024e-17)
(-0 -0 -1.30443e-17)
(-0 -0 0)
(-0 -0 -1.30511e-17)
(-0 -0 0)
(-0 -0 1.30917e-17)
(-0 -0 2.18196e-17)
(-0 -0 -1.74692e-17)
(-0 -0 -3.49791e-17)
(-0 -0 2.18806e-17)
(-0 -0 -6.77626e-21)
(-0 -0 3.071e-17)
(-0 -0 -5.26651e-17)
(-0 -0 8.80237e-18)
(-0 -0 5.71713e-17)
(-0 -0 -5.72323e-17)
(-0 -0 4.40525e-17)
(-0 -0 -3.08727e-17)
(-0 -0 -3.97089e-17)
(-0 -0 2.21042e-17)
(-0 -0 8.8498e-18)
(-0 -0 1.54838e-17)
(-0 -0 -3.3224e-17)
(-0 -0 4.43845e-18)
(-0 -0 2.44149e-17)
(-0 -0 -4.43845e-18)
(-0 -0 -2.00171e-17)
(-0 -0 1.55786e-17)
(-0 -0 2.22871e-17)
(-0 -0 -3.56838e-17)
(-0 -0 2.00781e-17)
(-0 -0 3.79742e-17)
(-0 -0 -1.78961e-17)
(-0 -0 -2.46249e-17)
(-0 -0 1.56871e-17)
(-0 -0 8.97177e-18)
(-0 -0 -4.71289e-17)
(-0 -0 2.02407e-17)
(-0 -0 3.14825e-17)
(-0 -0 -2.02543e-17)
(-0 -0 -2.47808e-17)
(-0 -0 2.93141e-17)
(-0 -0 9.02598e-18)
(-0 -0 1.58158e-17)
(-0 -0 -1.1296e-17)
(-0 -0 -9.06664e-18)
(-0 -0 -2.71864e-17)
(-0 -0 4.08202e-17)
(-0 -0 -1.13502e-17)
(-0 -0 4.53332e-18)
(-0 -0 -6.83047e-18)
(-0 -0 2.2836e-18)
(-0 -0 1.13841e-17)
(-0 -0 -1.82417e-17)
(-0 -0 -3.42405e-17)
(-0 -0 1.82824e-17)
(-0 -0 1.59988e-17)
(-0 -0 -2.51874e-17)
(-0 -0 4.35239e-17)
(-0 -0 -3.20992e-17)
(-0 -0 1.1479e-17)
(-0 -0 -2.30393e-18)
(-0 -0 -1.14925e-17)
(-0 -0 -1.84043e-17)
(-0 -0 1.15196e-17)
(-0 -0 -4.60786e-18)
(-0 -0 3.23296e-17)
(-0 -0 -3.69781e-17)
(-0 -0 -4.63496e-18)
(-0 -0 -6.95245e-18)
(-0 -0 3.01273e-17)
(-0 -0 4.40593e-17)
(-0 -0 -3.483e-17)
(-0 -0 -9.28348e-18)
(-0 -0 3.72085e-17)
(-0 -0 -1.86279e-17)
(-0 -0 1.63037e-17)
(-0 -0 1.16619e-17)
(-0 -0 -2.10267e-17)
(-0 -0 -3.73846e-17)
(-0 -0 4.20941e-17)
(-0 -0 -2.57498e-17)
(-0 -0 2.57634e-17)
(-0 -0 -2.33103e-18)
(-0 -0 -3.9919e-17)
(-0 -0 1.64528e-17)
(-0 -0 4.23381e-17)
(-0 -0 -3.53111e-17)
(-0 -0 -3.29801e-17)
(-0 -0 3.77438e-17)
(-0 -0 9.44611e-18)
(-0 -0 -2.12775e-17)
(-0 -0 -7.09475e-18)
(-0 -0 -1.18178e-17)
(-0 -0 2.60751e-17)
(-0 -0 -2.60818e-17)
(-0 -0 3.5616e-17)
(-0 -0 -1.1872e-17)
(-0 -0 -2.37847e-18)
(-0 -0 -2.6197e-17)
(-0 -0 2.38457e-17)
(-0 -0 4.75694e-18)
(-0 -0 1.67103e-17)
(-0 -0 4.77049e-18)
(-0 -0 -7.17606e-18)
(-0 -0 -1.43725e-17)
(-0 -0 2.63529e-17)
(-0 -0 -4.79895e-17)
(-0 -0 5.04154e-17)
(-0 -0 -2.16231e-17)
(-0 -0 -1.20279e-17)
(-0 -0 -1.92649e-17)
(-0 -0 1.92852e-17)
(-0 -0 2.65358e-17)
(-0 -0 -1.35525e-20)
(-0 -0 -7.25738e-18)
(-0 -0 -1.20753e-17)
(-0 -0 1.45215e-17)
(-0 -0 -7.26415e-18)
(-0 -0 -2.66781e-17)
(-0 -0 2.91515e-17)
(-0 -0 2.9165e-17)
(-0 -0 -4.86468e-17)
(-0 -0 3.65308e-17)
(-0 -0 -4.14504e-17)
(-0 -0 2.43268e-18)
(-0 -0 1.22244e-17)
(-0 -0 3.66596e-17)
(-0 -0 -7.33869e-18)
(-0 -0 -2.45301e-18)
(-0 -0 -4.16672e-17)
(-0 -0 3.92549e-17)
(-0 -0 -1.71982e-17)
(-0 -0 1.72117e-17)
(-0 -0 -3.19975e-17)
(-0 -0 3.20043e-17)
(-0 -0 -5.17503e-17)
(-0 -0 7.42001e-18)
(-0 -0 4.9399e-17)
(-0 -0 -5.19062e-17)
(-0 -0 1.48468e-17)
(-0 -0 2.47605e-17)
(-0 -0 2.49366e-18)
(-0 -0 -2.7288e-17)
(-0 -0 -2.48011e-18)
(-0 -0 -4.98055e-18)
(-0 -0 2.48892e-17)
(-0 -0 -7.46744e-18)
(-0 -0 -1.24683e-17)
(-0 -0 -1.24683e-17)
(-0 -0 1.99832e-17)
(-0 -0 -3.49926e-17)
(-0 -0 5.75576e-17)
(-0 -0 -3.00663e-17)
(-0 -0 2.25514e-17)
(-0 -0 2.50722e-18)
(-0 -0 -5.02121e-18)
(-0 -0 -5.27939e-17)
(-0 -0 7.54876e-17)
(-0 -0 0)
(-0 -0 -2.77285e-17)
(-0 -0 2.01865e-17)
(-0 -0 -1.26242e-17)
(-0 -0 2.78098e-17)
(-0 -0 -2.2775e-17)
(-0 -0 -3.54602e-17)
(-0 -0 1.01508e-17)
(-0 -0 2.79114e-17)
(-0 -0 -1.01576e-17)
(-0 -0 0)
(-0 -0 -7.6504e-18)
(-0 -0 -1.27326e-17)
(-0 -0 1.78419e-17)
(-0 -0 -6.77626e-21)
(-0 -0 -5.10795e-17)
(-0 -0 1.27936e-17)
(-0 -0 4.86197e-17)
(-0 -0 -4.09761e-17)
(-0 -0 2.55465e-18)
(-0 -0 5.38984e-17)
(-0 -0 -2.56956e-17)
(-0 -0 -4.37069e-17)
(-0 -0 5.14793e-17)
(-0 -0 -2.57498e-18)
(-0 -0 -3.35222e-17)
(-0 -0 1.28952e-17)
(-0 -0 3.87535e-17)
(-0 -0 -5.17029e-17)
(-0 -0 1.29494e-17)
(-0 -0 1.81265e-17)
(-0 -0 7.78593e-18)
(-0 -0 -5.18994e-17)
(-0 -0 6.75255e-17)
(-0 -0 -2.60209e-18)
(-0 -0 -1.30172e-17)
(-0 -0 7.81303e-18)
(-0 -0 -2.34594e-17)
(-0 -0 -7.83336e-18)
(-0 -0 2.08912e-17)
(-0 -0 -1.56803e-17)
(-0 -0 2.09387e-17)
(-0 -0 -3.66731e-17)
(-0 -0 4.71967e-17)
(-0 -0 -3.41185e-17)
(-0 -0 2.36288e-17)
(-0 -0 -4.99546e-17)
(-0 -0 6.05391e-17)
(-0 -0 -1.5809e-17)
(-0 -0 -1.5809e-17)
(-0 -0 2.63597e-18)
(-0 -0 -1.31934e-17)
(-0 -0 2.11487e-17)
(-0 -0 -3.70662e-17)
(-0 -0 -2.64952e-18)
(-0 -0 1.32611e-17)
(-0 -0 -2.91921e-17)
(-0 -0 5.8452e-17)
(-0 -0 1.86076e-17)
(-0 -0 -3.46199e-17)
(-0 -0 1.06658e-17)
(-0 -0 1.59988e-17)
(-0 -0 -4.53806e-17)
(-0 -0 1.3356e-17)
(-0 -0 4.81386e-17)
(-0 -0 -5.88993e-17)
(-0 -0 4.82267e-17)
(-0 -0 -1.60936e-17)
(-0 -0 -2.41709e-17)
(-0 -0 5.38035e-18)
(-0 -0 -3.4952e-17)
(-0 -0 2.9619e-17)
(-0 -0 -2.82909e-17)
(-0 -0 2.15621e-17)
(-0 -0 2.16095e-17)
(-0 -0 1.35525e-18)
(-0 -0 -3.6497e-17)
(-0 -0 6.77626e-21)
(-0 -0 8.13152e-18)
(-0 -0 4.20264e-17)
(-0 -0 -2.98562e-17)
(-0 -0 0)
(-0 -0 3.94446e-17)
(-0 -0 -3.94717e-17)
(-0 -0 -1.22515e-17)
(-0 -0 2.72812e-17)
(-0 -0 1.37558e-18)
(-0 -0 1.36474e-17)
(-0 -0 9.56131e-18)
(-0 -0 -3.55889e-17)
(-0 -0 -2.32832e-17)
(-0 -0 7.13134e-17)
(-0 -0 -4.25482e-17)
(-0 -0 -1.37558e-18)
(-0 -0 -8.26027e-18)
(-0 -0 1.51382e-17)
(-0 -0 2.75794e-18)
(-0 -0 -1.793e-17)
(-0 -0 0)
(-0 -0 1.51992e-17)
(-0 -0 5.11608e-17)
(-0 -0 -4.42964e-17)
(-0 -0 -2.21855e-17)
(-0 -0 3.60565e-17)
(-0 -0 -8.32125e-18)
(-0 -0 -4.16672e-17)
(-0 -0 4.45065e-17)
(-0 -0 2.36559e-17)
(-0 -0 -4.59837e-17)
(-0 -0 -2.37169e-17)
(-0 -0 4.32664e-17)
(-0 -0 -2.79453e-17)
(-0 -0 -1.25835e-17)
(-0 -0 4.89992e-17)
(-0 -0 1.40946e-18)
(-0 -0 -2.5228e-17)
(-0 -0 -2.947e-17)
(-0 -0 -1.54567e-17)
(-0 -0 2.2504e-17)
(-0 -0 3.2377e-17)
(-0 -0 0)
(-0 -0 -3.80826e-17)
(-0 -0 6.35275e-17)
(-0 -0 -1.97935e-17)
(-0 -0 -3.53721e-17)
(-0 -0 1.13231e-17)
(-0 -0 7.08797e-18)
(-0 -0 2.55194e-17)
(-0 -0 -3.40711e-17)
(-0 -0 9.94755e-18)
(-0 -0 6.77626e-21)
(-0 -0 -2.2775e-17)
(-0 -0 5.9848e-17)
(-0 -0 -1.42573e-17)
(-0 -0 -1.42844e-17)
(-0 -0 2.14265e-17)
(-0 -0 -3.43353e-17)
(-0 -0 8.5923e-18)
(-0 -0 1.43386e-17)
(-0 -0 1.00289e-17)
(-0 -0 -1.86551e-17)
(-0 -0 8.62618e-18)
(-0 -0 -1.43657e-18)
(-0 -0 2.89346e-18)
(-0 -0 1.7293e-17)
(-0 -0 -2.01933e-17)
(-0 -0 2.74235e-17)
(-0 -0 -5.34715e-17)
(-0 -0 1.44605e-17)
(-0 -0 -3.18552e-17)
(-0 -0 -4.33681e-18)
(-0 -0 3.48232e-17)
(-0 -0 -2.03288e-17)
(-0 -0 2.17925e-17)
(-0 -0 1.74557e-17)
(-0 -0 -1.89329e-17)
(-0 -0 -3.49791e-17)
(-0 -0 5.10524e-17)
(-0 -0 -4.67223e-17)
(-0 -0 -1.16958e-17)
(-0 -0 1.9021e-17)
(-0 -0 -1.46503e-17)
(-0 -0 -1.17094e-17)
(-0 -0 3.52095e-17)
(-0 -0 3.6707e-17)
(-0 -0 -5.43863e-17)
(-0 -0 1.03067e-17)
(-0 -0 3.09201e-17)
(-0 -0 4.41135e-18)
(-0 -0 -2.36153e-17)
(-0 -0 1.77199e-17)
(-0 -0 -1.18314e-17)
(-0 -0 -1.18314e-17)
(-0 -0 3.40507e-17)
(-0 -0 -5.03883e-17)
(-0 -0 4.59905e-17)
(-0 -0 -5.19672e-17)
(-0 -0 1.01061e-16)
(-0 -0 -5.80251e-17)
(-0 -0 5.93601e-18)
(-0 -0 -4.76846e-17)
(-0 -0 5.07271e-17)
(-0 -0 -4.48589e-18)
(-0 -0 -1.04558e-17)
(-0 -0 3.00188e-18)
(-0 -0 1.1994e-17)
(-0 -0 -5.69545e-17)
(-0 -0 8.25078e-17)
(-0 -0 -1.20143e-17)
(-0 -0 -3.01544e-18)
(-0 -0 -3.31088e-17)
(-0 -0 1.05439e-17)
(-0 -0 -3.69239e-17)
(-0 -0 -4.51977e-18)
(-0 -0 -1.43521e-17)
(-0 -0 3.32579e-17)
(-0 -0 5.52333e-17)
(-0 -0 -2.80198e-17)
(-0 -0 -1.74353e-17)
(-0 -0 1.44199e-17)
(-0 -0 1.52466e-18)
(-0 -0 -1.14045e-17)
(-0 -0 1.74895e-17)
(-0 -0 -2.89414e-17)
(-0 -0 7.6233e-18)
(-0 -0 -6.86436e-18)
(-0 -0 -1.14587e-17)
(-0 -0 2.52213e-17)
(-0 -0 1.14587e-17)
(-0 -0 -4.36527e-17)
(-0 -0 2.68272e-17)
(-0 -0 1.6114e-17)
(-0 -0 1.45893e-17)
(-0 -0 -3.92007e-17)
(-0 -0 2.29715e-18)
(-0 -0 5.69884e-17)
(-0 -0 -3.08252e-17)
(-0 -0 -3.24109e-17)
(-0 -0 -1.46774e-17)
(-0 -0 5.4881e-17)
(-0 -0 -2.62919e-17)
(-0 -0 -5.40746e-18)
(-0 -0 -2.33103e-18)
(-0 -0 -4.64852e-18)
(-0 -0 -1.55447e-17)
(-0 -0 -1.63308e-17)
(-0 -0 2.95648e-17)
(-0 -0 3.66122e-17)
(-0 -0 -7.02021e-18)
(-0 -0 6.24094e-18)
(-0 -0 -2.34391e-17)
(-0 -0 6.26127e-18)
(-0 -0 4.7732e-17)
(-0 -0 -6.5784e-17)
(-0 -0 5.87909e-17)
(-0 -0 -3.29597e-17)
(-0 -0 -6.75458e-17)
(-0 -0 2.98765e-17)
(-0 -0 2.91108e-17)
(-0 -0 1.41895e-17)
(-0 -0 -9.46644e-18)
(-0 -0 7.92823e-19)
(-0 -0 3.15774e-18)
(-0 -0 -1.89668e-17)
(-0 -0 4.74338e-18)
(-0 -0 1.66357e-17)
(-0 -0 -8.72105e-18)
(-0 -0 6.18944e-17)
(-0 -0 -9.53081e-17)
(-0 -0 -7.16929e-18)
(-0 -0 1.75031e-17)
(-0 -0 5.17639e-17)
(-0 -0 -4.7034e-17)
(-0 -0 -3.5101e-17)
(-0 -0 3.59413e-17)
(-0 -0 5.91636e-17)
(-0 -0 -7.48167e-17)
(-0 -0 4.28531e-17)
(-0 -0 2.04508e-17)
(-0 -0 -2.81012e-17)
(-0 -0 -4.53739e-17)
(-0 -0 5.10659e-17)
(-0 -0 -2.37237e-17)
(-0 -0 9.26315e-18)
(-0 -0 1.08895e-17)
(-0 -0 -2.90498e-17)
(-0 -0 2.38253e-17)
(-0 -0 -1.25496e-17)
(-0 -0 1.61275e-18)
(-0 -0 -6.45778e-18)
(-0 -0 4.45946e-17)
(-0 -0 -3.73372e-17)
(-0 -0 -1.05506e-17)
(-0 -0 4.30835e-17)
(-0 -0 -2.44623e-18)
(-0 -0 1.63308e-18)
(-0 -0 -7.54334e-17)
(-0 -0 6.40696e-17)
(-0 -0 1.55244e-17)
(-0 -0 -2.45369e-17)
(-0 -0 4.06576e-19)
(-0 -0 4.87417e-17)
(-0 -0 -7.66666e-17)
(-0 -0 1.51924e-17)
(-0 -0 4.22974e-17)
(-0 -0 -6.00377e-17)
(-0 -0 -2.01594e-17)
(-0 -0 6.05391e-17)
(-0 -0 -4.24668e-17)
(-0 -0 5.32411e-17)
(-0 -0 -3.5101e-18)
(-0 -0 -7.04935e-17)
(-0 -0 4.75016e-18)
(-0 -0 1.98816e-17)
(-0 -0 3.50401e-17)
(-0 -0 1.32815e-17)
(-0 -0 1.28681e-17)
(-0 -0 -5.46777e-17)
(-0 -0 2.74642e-17)
(-0 -0 -9.16151e-18)
(-0 -0 -2.23007e-17)
(-0 -0 8.55164e-18)
(-0 -0 -1.25361e-17)
(-0 -0 5.58161e-17)
(-0 -0 -8.01293e-17)
(-0 -0 9.32007e-17)
(-0 -0 8.40257e-18)
(-0 -0 -3.33595e-17)
(-0 -0 9.98144e-18)
(-0 -0 -2.57498e-17)
(-0 -0 3.71339e-17)
(-0 -0 -3.73982e-17)
(-0 -0 -2.04508e-17)
(-0 -0 2.24701e-17)
(-0 -0 -4.47843e-17)
(-0 -0 3.40507e-17)
(-0 -0 8.62618e-18)
(-0 -0 2.78572e-17)
(-0 -0 -3.99664e-17)
(-0 -0 4.87146e-17)
(-0 -0 2.55465e-18)
(-0 -0 -2.18467e-17)
(-0 -0 7.33869e-18)
(-0 -0 -3.74321e-17)
(-0 -0 -6.55942e-18)
)
;

boundaryField
{
    bottom
    {
        type            calculated;
        value           uniform (-0 -0 -1.69407e-21);
    }
    top
    {
        type            calculated;
        value           uniform (-0 -0 4.87552e-17);
    }
    sidesX
    {
        type            empty;
    }
    sidesY
    {
        type            empty;
    }
}


// ************************************************************************* //
