/*--------------------------------*- C++ -*----------------------------------*\
| =========                 |                                                 |
| \\      /  F ield         | OpenFOAM: The Open Source CFD Toolbox           |
|  \\    /   O peration     | Version:  v2012                                 |
|   \\  /    A nd           | Website:  www.openfoam.com                      |
|    \\/     M anipulation  |                                                 |
\*---------------------------------------------------------------------------*/
FoamFile
{
    version     2.0;
    format      ascii;
    class       volVectorField;
    location    "50";
    object      Nb;
}
// * * * * * * * * * * * * * * * * * * * * * * * * * * * * * * * * * * * * * //

dimensions      [1 -2 -1 0 0 0 0];


internalField   nonuniform List<vector> 
3200
(
(-0 -0 -2.38609e-18)
(-0 -0 4.26778e-18)
(-0 -0 -3.07431e-18)
(-0 -0 2.56736e-18)
(-0 -0 5.10337e-19)
(-0 -0 -3.08659e-18)
(-0 -0 8.5635e-19)
(-0 -0 5.1669e-19)
(-0 -0 -1.20067e-18)
(-0 -0 2.2349e-18)
(-0 -0 -3.95734e-18)
(-0 -0 2.75921e-18)
(-0 -0 -5.17537e-19)
(-0 -0 -8.62703e-19)
(-0 -0 1.21168e-18)
(-0 -0 -3.43895e-19)
(-0 -0 1.21295e-18)
(-0 -0 -3.29453e-18)
(-0 -0 3.4686e-18)
(-0 -0 -6.97532e-19)
(-0 -0 -6.92449e-19)
(-0 -0 -3.47707e-19)
(-0 -0 -1.91726e-18)
(-0 -0 1.04778e-18)
(-0 -0 -1.71948e-19)
(-0 -0 1.75336e-19)
(-0 -0 6.97108e-19)
(-0 -0 8.75409e-19)
(-0 -0 -4.23516e-22)
(-0 -0 0)
(-0 -0 -3.53636e-19)
(-0 -0 1.75632e-18)
(-0 -0 -2.6347e-18)
(-0 -0 -1.93378e-18)
(-0 -0 4.05263e-18)
(-0 -0 -2.46952e-18)
(-0 -0 5.31937e-19)
(-0 -0 8.85149e-19)
(-0 -0 1.783e-19)
(-0 -0 -7.07696e-19)
(-0 -0 2.1269e-18)
(-0 -0 -2.30266e-18)
(-0 -0 2.30393e-18)
(-0 -0 -3.56601e-19)
(-0 -0 -2.13325e-18)
(-0 -0 -1.77835e-18)
(-0 -0 3.03026e-18)
(-0 -0 -1.24683e-18)
(-0 -0 3.57871e-19)
(-0 -0 2.96462e-21)
(-0 -0 5.34901e-19)
(-0 -0 -1.78809e-18)
(-0 -0 1.78978e-18)
(-0 -0 -1.2553e-18)
(-0 -0 1.25615e-18)
(-0 -0 -1.43826e-18)
(-0 -0 1.81265e-19)
(-0 -0 5.42948e-19)
(-0 -0 3.57448e-19)
(-0 -0 5.39984e-19)
(-0 -0 2.88838e-18)
(-0 -0 -1.26166e-18)
(-0 -0 -7.20402e-19)
(-0 -0 1.69407e-21)
(-0 -0 -3.25811e-18)
(-0 -0 3.98614e-18)
(-0 -0 -5.08008e-18)
(-0 -0 2.72575e-18)
(-0 -0 -7.28448e-19)
(-0 -0 1.63604e-18)
(-0 -0 5.44219e-19)
(-0 -0 -1.82409e-18)
(-0 -0 7.30989e-19)
(-0 -0 -9.10137e-19)
(-0 -0 -1.28241e-18)
(-0 -0 4.57398e-18)
(-0 -0 -2.74735e-18)
(-0 -0 3.64648e-19)
(-0 -0 2.93751e-18)
(-0 -0 -3.6757e-18)
(-0 -0 7.37342e-19)
(-0 -0 9.18184e-19)
(-0 -0 -2.02441e-18)
(-0 -0 2.9481e-18)
(-0 -0 -9.2496e-19)
(-0 -0 -7.38189e-19)
(-0 -0 2.03627e-18)
(-0 -0 -3.5173e-18)
(-0 -0 1.48315e-18)
(-0 -0 1.85288e-18)
(-0 -0 -4.45497e-18)
(-0 -0 7.45813e-19)
(-0 -0 -8.47033e-22)
(-0 -0 -8.47033e-22)
(-0 -0 1.30697e-18)
(-0 -0 1.11724e-18)
(-0 -0 -3.17468e-18)
(-0 -0 4.29573e-18)
(-0 -0 -4.48927e-18)
(-0 -0 1.49459e-18)
(-0 -0 2.9985e-18)
(-0 -0 -3.38813e-21)
(-0 -0 -7.49201e-19)
(-0 -0 7.50895e-19)
(-0 -0 -1.88211e-18)
(-0 -0 5.64547e-19)
(-0 -0 -1.32137e-18)
(-0 -0 1.69661e-18)
(-0 -0 7.52165e-19)
(-0 -0 -2.07608e-18)
(-0 -0 -3.81165e-19)
(-0 -0 -9.43171e-19)
(-0 -0 -1.32349e-18)
(-0 -0 1.13629e-18)
(-0 -0 1.89778e-18)
(-0 -0 1.90032e-18)
(-0 -0 -3.42244e-18)
(-0 -0 3.80318e-19)
(-0 -0 1.52381e-18)
(-0 -0 -2.86043e-18)
(-0 -0 3.81419e-18)
(-0 -0 3.81165e-19)
(-0 -0 -7.67412e-19)
(-0 -0 -4.01832e-18)
(-0 -0 2.68086e-18)
(-0 -0 1.34255e-18)
(-0 -0 -7.66565e-19)
(-0 -0 1.94818e-19)
(-0 -0 1.34424e-18)
(-0 -0 1.92276e-19)
(-0 -0 -3.27463e-18)
(-0 -0 -1.93971e-19)
(-0 -0 -9.64771e-19)
(-0 -0 1.54329e-18)
(-0 -0 1.35525e-18)
(-0 -0 1.93124e-19)
(-0 -0 1.35525e-18)
(-0 -0 -2.71728e-18)
(-0 -0 -1.95665e-19)
(-0 -0 -1.69407e-21)
(-0 -0 3.30936e-18)
(-0 -0 -4.08693e-18)
(-0 -0 3.50333e-18)
(-0 -0 -1.55769e-18)
(-0 -0 3.92176e-19)
(-0 -0 -9.77476e-19)
(-0 -0 -1.17229e-18)
(-0 -0 -9.80864e-19)
(-0 -0 1.94818e-19)
(-0 -0 3.33223e-18)
(-0 -0 -3.53128e-18)
(-0 -0 3.53806e-18)
(-0 -0 8.47033e-22)
(-0 -0 3.93023e-19)
(-0 -0 -8.47033e-22)
(-0 -0 -1.99053e-19)
(-0 -0 -5.91229e-19)
(-0 -0 -1.97782e-18)
(-0 -0 4.55111e-18)
(-0 -0 -1.97952e-18)
(-0 -0 7.9367e-19)
(-0 -0 -1.97952e-18)
(-0 -0 2.97647e-18)
(-0 -0 -3.37966e-18)
(-0 -0 -7.9367e-19)
(-0 -0 7.9367e-19)
(-0 -0 -2.01594e-19)
(-0 -0 1.97359e-19)
(-0 -0 3.98953e-19)
(-0 -0 1.39591e-18)
(-0 -0 -2.79944e-18)
(-0 -0 1.60174e-18)
(-0 -0 -1.20363e-18)
(-0 -0 1.20363e-18)
(-0 -0 2.60717e-18)
(-0 -0 -4.62056e-18)
(-0 -0 -1.20956e-18)
(-0 -0 2.01086e-18)
(-0 -0 3.42286e-18)
(-0 -0 -5.04323e-18)
(-0 -0 3.22804e-18)
(-0 -0 -2.01933e-18)
(-0 -0 2.02441e-19)
(-0 -0 -1.82366e-18)
(-0 -0 4.66038e-18)
(-0 -0 -2.02949e-18)
(-0 -0 -2.8418e-18)
(-0 -0 2.44115e-18)
(-0 -0 -2.84942e-18)
(-0 -0 2.03542e-18)
(-0 -0 4.05729e-19)
(-0 -0 8.13999e-19)
(-0 -0 4.10811e-19)
(-0 -0 1.22312e-18)
(-0 -0 8.17387e-19)
(-0 -0 -8.19081e-19)
(-0 -0 -4.10811e-19)
(-0 -0 -8.19928e-19)
(-0 -0 -1.22989e-18)
(-0 -0 -1.64494e-18)
(-0 -0 2.87737e-18)
(-0 -0 -4.11658e-19)
(-0 -0 8.25857e-19)
(-0 -0 -1.23667e-18)
(-0 -0 -1.65087e-18)
(-0 -0 1.65341e-18)
(-0 -0 2.071e-18)
(-0 -0 0)
(-0 -0 -4.10811e-19)
(-0 -0 -2.49112e-18)
(-0 -0 4.15046e-19)
(-0 -0 -1.66527e-18)
(-0 -0 1.66696e-18)
(-0 -0 4.16232e-18)
(-0 -0 -2.08455e-18)
(-0 -0 -4.1674e-19)
(-0 -0 -2.92057e-18)
(-0 -0 3.76252e-18)
(-0 -0 -4.20975e-19)
(-0 -0 2.51484e-18)
(-0 -0 -2.93582e-18)
(-0 -0 -2.93836e-18)
(-0 -0 2.51823e-18)
(-0 -0 -1.68051e-18)
(-0 -0 1.6839e-18)
(-0 -0 4.20975e-19)
(-0 -0 8.44492e-19)
(-0 -0 4.23516e-19)
(-0 -0 -2.9553e-18)
(-0 -0 2.53771e-18)
(-0 -0 -1.69152e-18)
(-0 -0 4.22669e-19)
(-0 -0 8.49574e-19)
(-0 -0 -8.47033e-22)
(-0 -0 2.5411e-21)
(-0 -0 -1.7e-18)
(-0 -0 -4.27752e-19)
(-0 -0 3.83367e-18)
(-0 -0 -1.69407e-21)
(-0 -0 -2.13368e-18)
(-0 -0 0)
(-0 -0 -2.14045e-18)
(-0 -0 8.58044e-19)
(-0 -0 -8.47033e-22)
(-0 -0 0)
(-0 -0 -1.29003e-18)
(-0 -0 3.00443e-18)
(-0 -0 -1.72032e-18)
(-0 -0 3.87348e-18)
(-0 -0 -5.1669e-18)
(-0 -0 3.45166e-18)
(-0 -0 -1.2985e-18)
(-0 -0 -3.45335e-18)
(-0 -0 4.32495e-18)
(-0 -0 -2.16417e-18)
(-0 -0 1.73557e-18)
(-0 -0 -1.29935e-18)
(-0 -0 1.30274e-18)
(-0 -0 0)
(-0 -0 -2.17264e-18)
(-0 -0 2.60971e-18)
(-0 -0 1.30697e-18)
(-0 -0 -1.30867e-18)
(-0 -0 2.61648e-18)
(-0 -0 -6.11388e-18)
(-0 -0 4.80522e-18)
(-0 -0 -3.50333e-18)
(-0 -0 1.31544e-18)
(-0 -0 1.69407e-21)
(-0 -0 -2.1972e-18)
(-0 -0 1.7559e-18)
(-0 -0 -1.31629e-18)
(-0 -0 4.40372e-18)
(-0 -0 -3.96666e-18)
(-0 -0 1.76352e-18)
(-0 -0 -1.76352e-18)
(-0 -0 4.40457e-19)
(-0 -0 1.76606e-18)
(-0 -0 1.32391e-18)
(-0 -0 -4.45539e-19)
(-0 -0 -3.99545e-18)
(-0 -0 8.87691e-19)
(-0 -0 8.86843e-19)
(-0 -0 -2.22431e-18)
(-0 -0 2.67069e-18)
(-0 -0 -8.9362e-19)
(-0 -0 -4.4808e-19)
(-0 -0 2.23278e-18)
(-0 -0 -8.94467e-19)
(-0 -0 -1.3417e-18)
(-0 -0 4.02595e-18)
(-0 -0 -4.4808e-18)
(-0 -0 8.9362e-19)
(-0 -0 4.46386e-19)
(-0 -0 1.7974e-18)
(-0 -0 4.4808e-19)
(-0 -0 -3.60328e-18)
(-0 -0 9.03784e-19)
(-0 -0 -3.15943e-18)
(-0 -0 2.70542e-18)
(-0 -0 1.35779e-18)
(-0 -0 4.54857e-19)
(-0 -0 -4.49774e-19)
(-0 -0 -2.5411e-21)
(-0 -0 1.35949e-18)
(-0 -0 1.36203e-18)
(-0 -0 -3.63377e-18)
(-0 -0 -1.36626e-18)
(-0 -0 9.08019e-19)
(-0 -0 1.8262e-18)
(-0 -0 -1.36542e-18)
(-0 -0 -1.37219e-18)
(-0 -0 1.8279e-18)
(-0 -0 0)
(-0 -0 3.20263e-18)
(-0 -0 4.58245e-19)
(-0 -0 -3.2111e-18)
(-0 -0 -4.59939e-19)
(-0 -0 2.7537e-18)
(-0 -0 -3.67528e-18)
(-0 -0 -1.84145e-18)
(-0 -0 4.6104e-18)
(-0 -0 -2.76387e-18)
(-0 -0 9.22419e-19)
(-0 -0 4.16063e-18)
(-0 -0 -3.70153e-18)
(-0 -0 1.38659e-18)
(-0 -0 -3.70916e-18)
(-0 -0 2.7842e-18)
(-0 -0 -1.69407e-21)
(-0 -0 -2.78589e-18)
(-0 -0 -4.66715e-19)
(-0 -0 4.65614e-18)
(-0 -0 -3.25938e-18)
(-0 -0 4.65021e-19)
(-0 -0 2.79944e-18)
(-0 -0 -4.20721e-18)
(-0 -0 9.35124e-19)
(-0 -0 -1.40269e-18)
(-0 -0 2.81384e-18)
(-0 -0 -8.47033e-22)
(-0 -0 4.67562e-19)
(-0 -0 -1.87957e-18)
(-0 -0 -1.41116e-18)
(-0 -0 -4.70103e-19)
(-0 -0 5.65733e-18)
(-0 -0 -3.77607e-18)
(-0 -0 -1.8855e-18)
(-0 -0 1.41709e-18)
(-0 -0 9.48677e-19)
(-0 -0 2.5411e-21)
(-0 -0 2.8418e-18)
(-0 -0 1.42217e-18)
(-0 -0 -8.47033e-22)
(-0 -0 -4.77727e-19)
(-0 -0 -1.90413e-18)
(-0 -0 9.53759e-19)
(-0 -0 -1.90752e-18)
(-0 -0 9.52912e-19)
(-0 -0 -2.86467e-18)
(-0 -0 1.69407e-21)
(-0 -0 3.34747e-18)
(-0 -0 -9.57147e-19)
(-0 -0 1.91684e-18)
(-0 -0 4.78574e-19)
(-0 -0 -9.63923e-19)
(-0 -0 -3.36526e-18)
(-0 -0 5.28972e-18)
(-0 -0 -2.88754e-18)
(-0 -0 -3.37204e-18)
(-0 -0 3.37881e-18)
(-0 -0 -4.83656e-19)
(-0 -0 -2.41574e-18)
(-0 -0 1.93716e-18)
(-0 -0 -1.45012e-18)
(-0 -0 2.42082e-18)
(-0 -0 -4.86197e-19)
(-0 -0 -9.68159e-19)
(-0 -0 1.4569e-18)
(-0 -0 -1.94818e-18)
(-0 -0 1.45859e-18)
(-0 -0 1.95326e-18)
(-0 -0 -3.90228e-18)
(-0 -0 9.74935e-19)
(-0 -0 1.46876e-18)
(-0 -0 -4.90432e-19)
(-0 -0 2.44877e-18)
(-0 -0 -2.9392e-18)
(-0 -0 -1.95919e-18)
(-0 -0 1.47384e-18)
(-0 -0 -3.44319e-18)
(-0 -0 1.96596e-18)
(-0 -0 4.90432e-19)
(-0 -0 -9.84252e-19)
(-0 -0 4.43845e-18)
(-0 -0 2.5411e-21)
(-0 -0 -3.46098e-18)
(-0 -0 3.95818e-18)
(-0 -0 -5.44642e-18)
(-0 -0 1.48654e-18)
(-0 -0 -4.97208e-19)
(-0 -0 1.98375e-18)
(-0 -0 2.98071e-18)
(-0 -0 -4.47488e-18)
(-0 -0 -4.98902e-19)
(-0 -0 1.99646e-18)
(-0 -0 -1.00035e-18)
(-0 -0 -1.00119e-18)
(-0 -0 1.99815e-18)
(-0 -0 -5.01444e-19)
(-0 -0 1.00204e-18)
(-0 -0 2.00493e-18)
(-0 -0 -4.0124e-18)
(-0 -0 2.5411e-21)
(-0 -0 2.0134e-18)
(-0 -0 1.00628e-18)
(-0 -0 -3.5245e-18)
(-0 -0 1.51195e-18)
(-0 -0 2.52077e-18)
(-0 -0 -1.51449e-18)
(-0 -0 -2.02102e-18)
(-0 -0 -1.51788e-18)
(-0 -0 5.06526e-18)
(-0 -0 1.01475e-18)
(-0 -0 -5.0822e-19)
(-0 -0 -5.58364e-18)
(-0 -0 2.5411e-18)
(-0 -0 -1.01475e-18)
(-0 -0 1.53144e-18)
(-0 -0 5.13302e-19)
(-0 -0 5.09914e-19)
(-0 -0 1.02322e-18)
(-0 -0 -1.53482e-18)
(-0 -0 -2.04474e-18)
(-0 -0 2.04982e-18)
(-0 -0 -1.69407e-21)
(-0 -0 1.0266e-18)
(-0 -0 -1.5416e-18)
(-0 -0 -4.1098e-18)
(-0 -0 3.08828e-18)
(-0 -0 -2.57837e-18)
(-0 -0 3.09167e-18)
(-0 -0 -1.03169e-18)
(-0 -0 1.54838e-18)
(-0 -0 3.62022e-18)
(-0 -0 -4.14369e-18)
(-0 -0 1.55346e-18)
(-0 -0 -1.04185e-18)
(-0 -0 -1.69407e-21)
(-0 -0 -2.07862e-18)
(-0 -0 2.07862e-18)
(-0 -0 -1.55685e-18)
(-0 -0 3.64563e-18)
(-0 -0 -1.04185e-18)
(-0 -0 -1.56532e-18)
(-0 -0 -5.21772e-19)
(-0 -0 2.09217e-18)
(-0 -0 -2.61733e-18)
(-0 -0 -1.04524e-18)
(-0 -0 -5.2516e-19)
(-0 -0 4.19959e-18)
(-0 -0 -5.23466e-19)
(-0 -0 1.57548e-18)
(-0 -0 -4.73661e-18)
(-0 -0 2.63597e-18)
(-0 -0 1.0571e-18)
(-0 -0 -1.05201e-18)
(-0 -0 2.64274e-18)
(-0 -0 -1.58565e-18)
(-0 -0 -1.58565e-18)
(-0 -0 3.17468e-18)
(-0 -0 -3.18315e-18)
(-0 -0 -3.7117e-18)
(-0 -0 6.37477e-18)
(-0 -0 -5.84792e-18)
(-0 -0 4.79421e-18)
(-0 -0 1.69407e-21)
(-0 -0 -4.79929e-18)
(-0 -0 4.27074e-18)
(-0 -0 -2.13791e-18)
(-0 -0 2.67493e-18)
(-0 -0 5.35325e-19)
(-0 -0 -3.75066e-18)
(-0 -0 2.14469e-18)
(-0 -0 -1.60936e-18)
(-0 -0 3.76421e-18)
(-0 -0 -1.07743e-18)
(-0 -0 -2.69187e-18)
(-0 -0 -1.69407e-21)
(-0 -0 -5.38713e-19)
(-0 -0 3.77777e-18)
(-0 -0 -3.78624e-18)
(-0 -0 4.33003e-18)
(-0 -0 -1.6263e-18)
(-0 -0 -1.08251e-18)
(-0 -0 5.40407e-19)
(-0 -0 3.38813e-21)
(-0 -0 -2.1701e-18)
(-0 -0 3.26277e-18)
(-0 -0 -1.08759e-18)
(-0 -0 1.63308e-18)
(-0 -0 0)
(-0 -0 -4.36561e-18)
(-0 -0 2.18535e-18)
(-0 -0 3.38813e-21)
(-0 -0 2.18873e-18)
(-0 -0 -5.47183e-19)
(-0 -0 -1.69407e-21)
(-0 -0 -2.74439e-18)
(-0 -0 0)
(-0 -0 2.1972e-18)
(-0 -0 2.20398e-18)
(-0 -0 -3.30851e-18)
(-0 -0 -1.10453e-18)
(-0 -0 4.42151e-18)
(-0 -0 -2.21076e-18)
(-0 -0 -1.10792e-18)
(-0 -0 1.10623e-18)
(-0 -0 -2.21923e-18)
(-0 -0 4.43506e-18)
(-0 -0 -2.22261e-18)
(-0 -0 -4.44692e-18)
(-0 -0 3.33562e-18)
(-0 -0 -2.2277e-18)
(-0 -0 3.34578e-18)
(-0 -0 1.11808e-18)
(-0 -0 -1.11978e-18)
(-0 -0 -3.35086e-18)
(-0 -0 3.35764e-18)
(-0 -0 0)
(-0 -0 -2.23956e-18)
(-0 -0 2.24125e-18)
(-0 -0 -4.49266e-18)
(-0 -0 4.49605e-18)
(-0 -0 -1.12317e-18)
(-0 -0 2.2548e-18)
(-0 -0 -2.25141e-18)
(-0 -0 2.25988e-18)
(-0 -0 -2.25819e-18)
(-0 -0 2.25819e-18)
(-0 -0 -1.12994e-18)
(-0 -0 -1.12994e-18)
(-0 -0 -1.13333e-18)
(-0 -0 2.26666e-18)
(-0 -0 -1.13502e-18)
(-0 -0 1.13502e-18)
(-0 -0 1.13672e-18)
(-0 -0 -3.41693e-18)
(-0 -0 3.41693e-18)
(-0 -0 -2.28021e-18)
(-0 -0 1.13841e-18)
(-0 -0 -1.14349e-18)
(-0 -0 1.1418e-18)
(-0 -0 -1.14688e-18)
(-0 -0 -1.69407e-21)
(-0 -0 -1.69407e-21)
(-0 -0 2.29377e-18)
(-0 -0 -4.596e-18)
(-0 -0 2.29715e-18)
(-0 -0 2.30393e-18)
(-0 -0 -3.45251e-18)
(-0 -0 2.30732e-18)
(-0 -0 -1.15535e-18)
(-0 -0 -1.15705e-18)
(-0 -0 4.62819e-18)
(-0 -0 -2.31409e-18)
(-0 -0 0)
(-0 -0 1.15874e-18)
(-0 -0 -1.16044e-18)
(-0 -0 -1.16044e-18)
(-0 -0 2.32765e-18)
(-0 -0 -4.65868e-18)
(-0 -0 3.49825e-18)
(-0 -0 0)
(-0 -0 3.38813e-21)
(-0 -0 0)
(-0 -0 1.16721e-18)
(-0 -0 2.34289e-18)
(-0 -0 -3.51857e-18)
(-0 -0 1.17399e-18)
(-0 -0 1.17568e-18)
(-0 -0 -1.17738e-18)
(-0 -0 1.69407e-21)
(-0 -0 -2.35306e-18)
(-0 -0 -1.17738e-18)
(-0 -0 4.71967e-18)
(-0 -0 -4.72475e-18)
(-0 -0 3.54907e-18)
(-0 -0 -1.18585e-18)
(-0 -0 -1.69407e-21)
(-0 -0 -2.37339e-18)
(-0 -0 3.56262e-18)
(-0 -0 1.18754e-18)
(-0 -0 -3.56601e-18)
(-0 -0 -1.69407e-21)
(-0 -0 -1.19262e-18)
(-0 -0 1.19262e-18)
(-0 -0 2.38694e-18)
(-0 -0 -2.38694e-18)
(-0 -0 -1.19432e-18)
(-0 -0 1.69407e-21)
(-0 -0 3.38813e-21)
(-0 -0 1.69407e-21)
(-0 -0 2.3988e-18)
(-0 -0 -2.40219e-18)
(-0 -0 1.20448e-18)
(-0 -0 1.69407e-21)
(-0 -0 2.40557e-18)
(-0 -0 -1.20448e-18)
(-0 -0 -3.6253e-18)
(-0 -0 4.83486e-18)
(-0 -0 -4.83656e-18)
(-0 -0 1.20787e-18)
(-0 -0 -1.20787e-18)
(-0 -0 1.20956e-18)
(-0 -0 3.63547e-18)
(-0 -0 0)
(-0 -0 -2.43268e-18)
(-0 -0 0)
(-0 -0 -1.69407e-21)
(-0 -0 -1.69407e-21)
(-0 -0 2.43945e-18)
(-0 -0 1.22481e-18)
(-0 -0 -2.44454e-18)
(-0 -0 1.22142e-18)
(-0 -0 1.69407e-21)
(-0 -0 -1.22312e-18)
(-0 -0 -2.45809e-18)
(-0 -0 3.68459e-18)
(-0 -0 -2.4564e-18)
(-0 -0 0)
(-0 -0 1.69407e-21)
(-0 -0 -2.46995e-18)
(-0 -0 1.69407e-21)
(-0 -0 -1.69407e-21)
(-0 -0 -1.23497e-18)
(-0 -0 3.7117e-18)
(-0 -0 3.71509e-18)
(-0 -0 -3.71847e-18)
(-0 -0 1.24344e-18)
(-0 -0 -2.4835e-18)
(-0 -0 3.73372e-18)
(-0 -0 1.69407e-21)
(-0 -0 -3.38813e-21)
(-0 -0 -4.98564e-18)
(-0 -0 1.25022e-18)
(-0 -0 1.24853e-18)
(-0 -0 3.38813e-21)
(-0 -0 -1.25361e-18)
(-0 -0 1.25191e-18)
(-0 -0 2.50891e-18)
(-0 -0 1.26039e-18)
(-0 -0 -3.7676e-18)
(-0 -0 -1.26039e-18)
(-0 -0 2.51569e-18)
(-0 -0 -2.51569e-18)
(-0 -0 1.26208e-18)
(-0 -0 2.52246e-18)
(-0 -0 -3.78963e-18)
(-0 -0 1.26377e-18)
(-0 -0 1.26208e-18)
(-0 -0 -2.53263e-18)
(-0 -0 1.27055e-18)
(-0 -0 2.5394e-18)
(-0 -0 -1.27224e-18)
(-0 -0 -2.5394e-18)
(-0 -0 2.54449e-18)
(-0 -0 1.27733e-18)
(-0 -0 -2.54788e-18)
(-0 -0 1.27902e-18)
(-0 -0 -1.27394e-18)
(-0 -0 1.28071e-18)
(-0 -0 -2.55465e-18)
(-0 -0 5.12794e-18)
(-0 -0 -2.5699e-18)
(-0 -0 1.27902e-18)
(-0 -0 -3.85231e-18)
(-0 -0 -1.69407e-21)
(-0 -0 -3.38813e-21)
(-0 -0 2.58006e-18)
(-0 -0 1.69407e-21)
(-0 -0 3.87263e-18)
(-0 -0 -6.45778e-18)
(-0 -0 3.38813e-21)
(-0 -0 2.59361e-18)
(-0 -0 1.29427e-18)
(-0 -0 1.29427e-18)
(-0 -0 -2.597e-18)
(-0 -0 2.597e-18)
(-0 -0 -3.89974e-18)
(-0 -0 1.29935e-18)
(-0 -0 1.30274e-18)
(-0 -0 1.30443e-18)
(-0 -0 -3.91837e-18)
(-0 -0 2.61056e-18)
(-0 -0 -2.61733e-18)
(-0 -0 -1.30782e-18)
(-0 -0 1.3146e-18)
(-0 -0 -2.62241e-18)
(-0 -0 2.62411e-18)
(-0 -0 -2.62411e-18)
(-0 -0 2.62919e-18)
(-0 -0 1.69407e-21)
(-0 -0 2.63597e-18)
(-0 -0 -3.95395e-18)
(-0 -0 -3.38813e-21)
(-0 -0 -3.38813e-21)
(-0 -0 -1.69407e-21)
(-0 -0 -2.6546e-18)
(-0 -0 1.32645e-18)
(-0 -0 2.6546e-18)
(-0 -0 3.98614e-18)
(-0 -0 -3.98614e-18)
(-0 -0 2.65799e-18)
(-0 -0 -3.99291e-18)
(-0 -0 1.33154e-18)
(-0 -0 2.66815e-18)
(-0 -0 -5.34308e-18)
(-0 -0 2.67493e-18)
(-0 -0 1.33831e-18)
(-0 -0 -4.01494e-18)
(-0 -0 1.3417e-18)
(-0 -0 1.34001e-18)
(-0 -0 1.69407e-21)
(-0 -0 2.69018e-18)
(-0 -0 1.34848e-18)
(-0 -0 -8.079e-18)
(-0 -0 1.34678e-18)
(-0 -0 2.70373e-18)
(-0 -0 -1.69407e-21)
(-0 -0 -1.34848e-18)
(-0 -0 4.0539e-18)
(-0 -0 -4.06406e-18)
(-0 -0 1.35525e-18)
(-0 -0 2.71559e-18)
(-0 -0 -1.35864e-18)
(-0 -0 -2.71898e-18)
(-0 -0 1.69407e-21)
(-0 -0 4.08609e-18)
(-0 -0 1.36033e-18)
(-0 -0 -1.36203e-18)
(-0 -0 -2.73083e-18)
(-0 -0 -1.36711e-18)
(-0 -0 -1.36711e-18)
(-0 -0 4.10642e-18)
(-0 -0 -1.3705e-18)
(-0 -0 -1.37219e-18)
(-0 -0 1.37728e-18)
(-0 -0 -4.11997e-18)
(-0 -0 5.50402e-18)
(-0 -0 -1.37728e-18)
(-0 -0 1.37728e-18)
(-0 -0 2.75794e-18)
(-0 -0 -5.52265e-18)
(-0 -0 3.38813e-21)
(-0 -0 4.15216e-18)
(-0 -0 -5.53621e-18)
(-0 -0 4.15893e-18)
(-0 -0 2.77319e-18)
(-0 -0 -4.16571e-18)
(-0 -0 -1.39252e-18)
(-0 -0 2.78335e-18)
(-0 -0 -2.78843e-18)
(-0 -0 1.39591e-18)
(-0 -0 -1.39422e-18)
(-0 -0 1.3976e-18)
(-0 -0 4.1962e-18)
(-0 -0 -6.99819e-18)
(-0 -0 4.20128e-18)
(-0 -0 -1.39591e-18)
(-0 -0 -4.21145e-18)
(-0 -0 4.21145e-18)
(-0 -0 0)
(-0 -0 1.40607e-18)
(-0 -0 3.38813e-21)
(-0 -0 1.41116e-18)
(-0 -0 0)
(-0 -0 0)
(-0 -0 -1.41285e-18)
(-0 -0 -2.82909e-18)
(-0 -0 1.41285e-18)
(-0 -0 1.41793e-18)
(-0 -0 -1.41793e-18)
(-0 -0 1.69407e-21)
(-0 -0 1.42302e-18)
(-0 -0 -2.84434e-18)
(-0 -0 1.42132e-18)
(-0 -0 -1.69407e-21)
(-0 -0 4.28429e-18)
(-0 -0 -1.4264e-18)
(-0 -0 1.69407e-21)
(-0 -0 -2.86297e-18)
(-0 -0 -3.38813e-21)
(-0 -0 1.43657e-18)
(-0 -0 2.86805e-18)
(-0 -0 -2.87144e-18)
(-0 -0 0)
(-0 -0 1.43657e-18)
(-0 -0 -2.87991e-18)
(-0 -0 1.44334e-18)
(-0 -0 -1.43996e-18)
(-0 -0 -1.44334e-18)
(-0 -0 -1.44504e-18)
(-0 -0 1.44673e-18)
(-0 -0 4.34697e-18)
(-0 -0 -1.45012e-18)
(-0 -0 -2.90363e-18)
(-0 -0 4.35714e-18)
(-0 -0 3.38813e-21)
(-0 -0 0)
(-0 -0 -1.45351e-18)
(-0 -0 1.4569e-18)
(-0 -0 -1.4569e-18)
(-0 -0 -2.91888e-18)
(-0 -0 1.46367e-18)
(-0 -0 0)
(-0 -0 1.46706e-18)
(-0 -0 1.46367e-18)
(-0 -0 -1.46367e-18)
(-0 -0 -2.9392e-18)
(-0 -0 4.41474e-18)
(-0 -0 -5.89027e-18)
(-0 -0 5.89535e-18)
(-0 -0 -2.94767e-18)
(-0 -0 -2.95276e-18)
(-0 -0 7.38782e-18)
(-0 -0 -4.43506e-18)
(-0 -0 1.484e-18)
(-0 -0 -2.96292e-18)
(-0 -0 1.48231e-18)
(-0 -0 2.968e-18)
(-0 -0 -4.45709e-18)
(-0 -0 4.45878e-18)
(-0 -0 -4.46386e-18)
(-0 -0 2.97478e-18)
(-0 -0 2.97986e-18)
(-0 -0 -2.98833e-18)
(-0 -0 1.49417e-18)
(-0 -0 -4.48927e-18)
(-0 -0 2.98833e-18)
(-0 -0 -2.99511e-18)
(-0 -0 5.99699e-18)
(-0 -0 -3.00188e-18)
(-0 -0 3.00527e-18)
(-0 -0 -1.50772e-18)
(-0 -0 -4.51638e-18)
(-0 -0 0)
(-0 -0 3.01205e-18)
(-0 -0 -3.01883e-18)
(-0 -0 4.53332e-18)
(-0 -0 -3.02899e-18)
(-0 -0 3.38813e-21)
(-0 -0 3.02899e-18)
(-0 -0 -3.03238e-18)
(-0 -0 1.52127e-18)
(-0 -0 -4.55704e-18)
(-0 -0 1.52127e-18)
(-0 -0 1.52805e-18)
(-0 -0 -1.51449e-18)
(-0 -0 3.38813e-21)
(-0 -0 -3.38813e-21)
(-0 -0 3.05609e-18)
(-0 -0 -3.06287e-18)
(-0 -0 3.05948e-18)
(-0 -0 1.53482e-18)
(-0 -0 -4.60447e-18)
(-0 -0 -1.53482e-18)
(-0 -0 1.53482e-18)
(-0 -0 1.53482e-18)
(-0 -0 1.53482e-18)
(-0 -0 -3.07642e-18)
(-0 -0 4.63496e-18)
(-0 -0 -1.54499e-18)
(-0 -0 -1.5416e-18)
(-0 -0 -3.38813e-21)
(-0 -0 -3.09675e-18)
(-0 -0 7.75543e-18)
(-0 -0 -6.20706e-18)
(-0 -0 1.54838e-18)
(-0 -0 3.38813e-21)
(-0 -0 4.66885e-18)
(-0 -0 -4.67223e-18)
(-0 -0 3.11708e-18)
(-0 -0 -4.67223e-18)
(-0 -0 6.24094e-18)
(-0 -0 -4.68579e-18)
(-0 -0 3.13063e-18)
(-0 -0 -1.56193e-18)
(-0 -0 0)
(-0 -0 -1.56871e-18)
(-0 -0 -1.57548e-18)
(-0 -0 -1.56871e-18)
(-0 -0 3.14419e-18)
(-0 -0 1.57209e-18)
(-0 -0 3.38813e-21)
(-0 -0 -3.15774e-18)
(-0 -0 1.58226e-18)
(-0 -0 -1.58565e-18)
(-0 -0 3.1679e-18)
(-0 -0 0)
(-0 -0 -3.17129e-18)
(-0 -0 -3.38813e-21)
(-0 -0 1.58903e-18)
(-0 -0 3.18146e-18)
(-0 -0 -4.77388e-18)
(-0 -0 1.58903e-18)
(-0 -0 1.59581e-18)
(-0 -0 -3.18823e-18)
(-0 -0 -3.38813e-21)
(-0 -0 -1.60259e-18)
(-0 -0 4.79759e-18)
(-0 -0 -3.20517e-18)
(-0 -0 1.60259e-18)
(-0 -0 1.60597e-18)
(-0 -0 -3.21534e-18)
(-0 -0 0)
(-0 -0 -1.60936e-18)
(-0 -0 8.04681e-18)
(-0 -0 -6.44084e-18)
(-0 -0 4.84164e-18)
(-0 -0 -6.45778e-18)
(-0 -0 6.46117e-18)
(-0 -0 -1.61953e-18)
(-0 -0 1.61614e-18)
(-0 -0 -1.61953e-18)
(-0 -0 -4.86875e-18)
(-0 -0 8.11796e-18)
(-0 -0 -1.62969e-18)
(-0 -0 -3.25938e-18)
(-0 -0 -3.38813e-21)
(-0 -0 -1.63308e-18)
(-0 -0 4.89585e-18)
(-0 -0 -6.53571e-18)
(-0 -0 8.17895e-18)
(-0 -0 -4.9094e-18)
(-0 -0 4.9094e-18)
(-0 -0 -4.91618e-18)
(-0 -0 -1.64663e-18)
(-0 -0 3.28649e-18)
(-0 -0 -1.64324e-18)
(-0 -0 3.28649e-18)
(-0 -0 3.29665e-18)
(-0 -0 -3.29665e-18)
(-0 -0 -3.30004e-18)
(-0 -0 1.6568e-18)
(-0 -0 1.65002e-18)
(-0 -0 -3.30682e-18)
(-0 -0 1.6568e-18)
(-0 -0 -1.6568e-18)
(-0 -0 -3.31698e-18)
(-0 -0 3.32715e-18)
(-0 -0 1.66018e-18)
(-0 -0 -1.67035e-18)
(-0 -0 0)
(-0 -0 3.33392e-18)
(-0 -0 -3.33392e-18)
(-0 -0 3.34747e-18)
(-0 -0 -3.3407e-18)
(-0 -0 -1.67374e-18)
(-0 -0 3.35086e-18)
(-0 -0 -1.67713e-18)
(-0 -0 -3.38813e-21)
(-0 -0 3.38813e-21)
(-0 -0 3.36103e-18)
(-0 -0 -6.73222e-18)
(-0 -0 5.05509e-18)
(-0 -0 -1.6839e-18)
(-0 -0 3.37119e-18)
(-0 -0 -6.75255e-18)
(-0 -0 6.76271e-18)
(-0 -0 -3.38813e-18)
(-0 -0 3.38813e-18)
(-0 -0 -5.08559e-18)
(-0 -0 1.70084e-18)
(-0 -0 1.70084e-18)
(-0 -0 0)
(-0 -0 0)
(-0 -0 -3.40846e-18)
(-0 -0 6.81692e-18)
(-0 -0 -6.83047e-18)
(-0 -0 3.41185e-18)
(-0 -0 0)
(-0 -0 -3.42201e-18)
(-0 -0 6.85419e-18)
(-0 -0 -6.86097e-18)
(-0 -0 0)
(-0 -0 6.87113e-18)
(-0 -0 0)
(-0 -0 -3.44234e-18)
(-0 -0 -3.44573e-18)
(-0 -0 6.90162e-18)
(-0 -0 -6.89485e-18)
(-0 -0 3.38813e-21)
(-0 -0 3.45589e-18)
(-0 -0 0)
(-0 -0 0)
(-0 -0 3.46945e-18)
(-0 -0 -6.93889e-18)
(-0 -0 -3.38813e-21)
(-0 -0 -3.47961e-18)
(-0 -0 3.483e-18)
(-0 -0 0)
(-0 -0 3.48639e-18)
(-0 -0 3.38813e-21)
(-0 -0 -3.49655e-18)
(-0 -0 6.77626e-21)
(-0 -0 -3.38813e-21)
(-0 -0 0)
(-0 -0 0)
(-0 -0 0)
(-0 -0 0)
(-0 -0 3.51688e-18)
(-0 -0 0)
(-0 -0 3.38813e-21)
(-0 -0 0)
(-0 -0 -3.52705e-18)
(-0 -0 3.53382e-18)
(-0 -0 0)
(-0 -0 3.53721e-18)
(-0 -0 -3.5406e-18)
(-0 -0 0)
(-0 -0 3.54737e-18)
(-0 -0 -7.1083e-18)
(-0 -0 3.56431e-18)
(-0 -0 -3.55754e-18)
(-0 -0 3.56431e-18)
(-0 -0 -3.56431e-18)
(-0 -0 0)
(-0 -0 0)
(-0 -0 3.57448e-18)
(-0 -0 -3.38813e-21)
(-0 -0 -3.58803e-18)
(-0 -0 3.38813e-21)
(-0 -0 3.59142e-18)
(-0 -0 0)
(-0 -0 0)
(-0 -0 0)
(-0 -0 3.38813e-21)
(-0 -0 0)
(-0 -0 3.38813e-21)
(-0 -0 3.38813e-21)
(-0 -0 -3.61852e-18)
(-0 -0 0)
(-0 -0 -3.38813e-21)
(-0 -0 7.25399e-18)
(-0 -0 -3.62869e-18)
(-0 -0 -3.63547e-18)
(-0 -0 3.63885e-18)
(-0 -0 3.64224e-18)
(-0 -0 -3.64224e-18)
(-0 -0 3.65241e-18)
(-0 -0 -7.30142e-18)
(-0 -0 -3.38813e-21)
(-0 -0 3.65579e-18)
(-0 -0 3.66596e-18)
(-0 -0 -3.66257e-18)
(-0 -0 0)
(-0 -0 -3.67612e-18)
(-0 -0 3.67612e-18)
(-0 -0 0)
(-0 -0 -3.38813e-21)
(-0 -0 -3.67951e-18)
(-0 -0 3.38813e-21)
(-0 -0 7.38613e-18)
(-0 -0 -7.38613e-18)
(-0 -0 3.38813e-21)
(-0 -0 -3.38813e-21)
(-0 -0 3.70323e-18)
(-0 -0 -3.71e-18)
(-0 -0 3.38813e-21)
(-0 -0 3.38813e-21)
(-0 -0 3.72017e-18)
(-0 -0 -3.72694e-18)
(-0 -0 3.38813e-21)
(-0 -0 3.72694e-18)
(-0 -0 -3.73372e-18)
(-0 -0 -3.38813e-21)
(-0 -0 3.74389e-18)
(-0 -0 -3.74389e-18)
(-0 -0 3.74389e-18)
(-0 -0 0)
(-0 -0 3.38813e-21)
(-0 -0 0)
(-0 -0 -3.75744e-18)
(-0 -0 7.53182e-18)
(-0 -0 -7.53859e-18)
(-0 -0 3.77099e-18)
(-0 -0 -3.38813e-21)
(-0 -0 3.78116e-18)
(-0 -0 -3.78116e-18)
(-0 -0 -3.78116e-18)
(-0 -0 3.79132e-18)
(-0 -0 0)
(-0 -0 -3.79471e-18)
(-0 -0 7.60297e-18)
(-0 -0 -3.80826e-18)
(-0 -0 0)
(-0 -0 3.38813e-21)
(-0 -0 -3.81504e-18)
(-0 -0 3.81504e-18)
(-0 -0 -3.81842e-18)
(-0 -0 3.82859e-18)
(-0 -0 -3.83537e-18)
(-0 -0 3.83198e-18)
(-0 -0 -3.83875e-18)
(-0 -0 3.84553e-18)
(-0 -0 3.84214e-18)
(-0 -0 -3.85569e-18)
(-0 -0 -3.84892e-18)
(-0 -0 -3.38813e-21)
(-0 -0 0)
(-0 -0 3.86247e-18)
(-0 -0 -3.86586e-18)
(-0 -0 3.86586e-18)
(-0 -0 3.38813e-21)
(-0 -0 -3.87941e-18)
(-0 -0 3.87941e-18)
(-0 -0 -3.8828e-18)
(-0 -0 7.77915e-18)
(-0 -0 -3.88619e-18)
(-0 -0 -3.38813e-21)
(-0 -0 -3.89974e-18)
(-0 -0 3.90652e-18)
(-0 -0 -3.90652e-18)
(-0 -0 3.90652e-18)
(-0 -0 0)
(-0 -0 0)
(-0 -0 3.38813e-21)
(-0 -0 -3.92007e-18)
(-0 -0 0)
(-0 -0 3.93362e-18)
(-0 -0 -3.93362e-18)
(-0 -0 3.9404e-18)
(-0 -0 -3.94717e-18)
(-0 -0 -3.38813e-21)
(-0 -0 3.95395e-18)
(-0 -0 -3.96073e-18)
(-0 -0 3.95734e-18)
(-0 -0 0)
(-0 -0 0)
(-0 -0 3.38813e-21)
(-0 -0 0)
(-0 -0 -3.97767e-18)
(-0 -0 0)
(-0 -0 3.98444e-18)
(-0 -0 -3.98444e-18)
(-0 -0 -3.38813e-21)
(-0 -0 3.38813e-21)
(-0 -0 4.00138e-18)
(-0 -0 -3.38813e-21)
(-0 -0 0)
(-0 -0 -3.38813e-21)
(-0 -0 3.38813e-21)
(-0 -0 3.38813e-21)
(-0 -0 0)
(-0 -0 -4.02849e-18)
(-0 -0 4.0251e-18)
(-0 -0 0)
(-0 -0 -4.03865e-18)
(-0 -0 4.03865e-18)
(-0 -0 4.04543e-18)
(-0 -0 0)
(-0 -0 -8.10441e-18)
(-0 -0 4.05221e-18)
(-0 -0 -3.38813e-21)
(-0 -0 0)
(-0 -0 -3.38813e-21)
(-0 -0 -4.07253e-18)
(-0 -0 -3.38813e-21)
(-0 -0 4.0827e-18)
(-0 -0 -4.08609e-18)
(-0 -0 -3.38813e-21)
(-0 -0 -3.38813e-21)
(-0 -0 4.09964e-18)
(-0 -0 -4.09625e-18)
(-0 -0 4.10303e-18)
(-0 -0 3.38813e-21)
(-0 -0 0)
(-0 -0 0)
(-0 -0 -3.38813e-21)
(-0 -0 -4.12336e-18)
(-0 -0 4.12336e-18)
(-0 -0 0)
(-0 -0 -4.12674e-18)
(-0 -0 4.13352e-18)
(-0 -0 3.38813e-21)
(-0 -0 -4.14707e-18)
(-0 -0 4.15046e-18)
(-0 -0 -4.15046e-18)
(-0 -0 0)
(-0 -0 8.32125e-18)
(-0 -0 -8.31786e-18)
(-0 -0 4.1674e-18)
(-0 -0 -3.38813e-21)
(-0 -0 -4.17079e-18)
(-0 -0 4.17757e-18)
(-0 -0 3.38813e-21)
(-0 -0 0)
(-0 -0 0)
(-0 -0 -4.19451e-18)
(-0 -0 4.20128e-18)
(-0 -0 3.38813e-21)
(-0 -0 0)
(-0 -0 -4.20806e-18)
(-0 -0 0)
(-0 -0 4.21484e-18)
(-0 -0 -3.38813e-21)
(-0 -0 0)
(-0 -0 -4.225e-18)
(-0 -0 4.23516e-18)
(-0 -0 -4.23855e-18)
(-0 -0 0)
(-0 -0 4.24533e-18)
(-0 -0 0)
(-0 -0 3.38813e-21)
(-0 -0 -6.77626e-21)
(-0 -0 3.38813e-21)
(-0 -0 -4.26227e-18)
(-0 -0 -3.38813e-21)
(-0 -0 4.27243e-18)
(-0 -0 3.38813e-21)
(-0 -0 -4.27921e-18)
(-0 -0 4.2826e-18)
(-0 -0 -4.29276e-18)
(-0 -0 6.77626e-21)
(-0 -0 0)
(-0 -0 -3.38813e-21)
(-0 -0 -3.38813e-21)
(-0 -0 4.3097e-18)
(-0 -0 0)
(-0 -0 3.38813e-21)
(-0 -0 3.38813e-21)
(-0 -0 -4.32326e-18)
(-0 -0 4.33003e-18)
(-0 -0 0)
(-0 -0 -3.38813e-21)
(-0 -0 0)
(-0 -0 3.38813e-21)
(-0 -0 0)
(-0 -0 0)
(-0 -0 3.38813e-21)
(-0 -0 -4.36391e-18)
(-0 -0 4.36391e-18)
(-0 -0 -4.37069e-18)
(-0 -0 3.38813e-21)
(-0 -0 4.38085e-18)
(-0 -0 -4.38763e-18)
(-0 -0 0)
(-0 -0 4.39102e-18)
(-0 -0 -3.38813e-21)
(-0 -0 3.38813e-21)
(-0 -0 -4.40796e-18)
(-0 -0 4.40796e-18)
(-0 -0 -4.40796e-18)
(-0 -0 3.38813e-21)
(-0 -0 3.38813e-21)
(-0 -0 4.4249e-18)
(-0 -0 0)
(-0 -0 0)
(-0 -0 3.38813e-21)
(-0 -0 -3.38813e-21)
(-0 -0 -3.38813e-21)
(-0 -0 0)
(-0 -0 3.38813e-21)
(-0 -0 -4.45878e-18)
(-0 -0 4.45878e-18)
(-0 -0 -4.46895e-18)
(-0 -0 -3.38813e-21)
(-0 -0 4.46895e-18)
(-0 -0 0)
(-0 -0 0)
(-0 -0 -3.38813e-21)
(-0 -0 -4.48589e-18)
(-0 -0 4.49605e-18)
(-0 -0 -4.49944e-18)
(-0 -0 0)
(-0 -0 4.49944e-18)
(-0 -0 -4.51638e-18)
(-0 -0 0)
(-0 -0 4.51299e-18)
(-0 -0 6.77626e-21)
(-0 -0 3.38813e-21)
(-0 -0 0)
(-0 -0 0)
(-0 -0 0)
(-0 -0 0)
(-0 -0 -3.38813e-21)
(-0 -0 0)
(-0 -0 -6.77626e-21)
(-0 -0 0)
(-0 -0 3.38813e-21)
(-0 -0 -3.38813e-21)
(-0 -0 -4.57398e-18)
(-0 -0 0)
(-0 -0 0)
(-0 -0 4.58753e-18)
(-0 -0 0)
(-0 -0 -3.38813e-21)
(-0 -0 -4.60447e-18)
(-0 -0 4.60447e-18)
(-0 -0 -4.61464e-18)
(-0 -0 -3.38813e-21)
(-0 -0 4.61802e-18)
(-0 -0 -3.38813e-21)
(-0 -0 -3.38813e-21)
(-0 -0 0)
(-0 -0 -4.63835e-18)
(-0 -0 3.38813e-21)
(-0 -0 4.64513e-18)
(-0 -0 -4.6519e-18)
(-0 -0 4.65529e-18)
(-0 -0 -4.66207e-18)
(-0 -0 -3.38813e-21)
(-0 -0 6.77626e-21)
(-0 -0 4.67562e-18)
(-0 -0 -4.67223e-18)
(-0 -0 4.67901e-18)
(-0 -0 6.77626e-21)
(-0 -0 0)
(-0 -0 0)
(-0 -0 -4.69934e-18)
(-0 -0 4.69595e-18)
(-0 -0 -4.7095e-18)
(-0 -0 -3.38813e-21)
(-0 -0 4.7095e-18)
(-0 -0 -4.71628e-18)
(-0 -0 4.71967e-18)
(-0 -0 -4.72644e-18)
(-0 -0 4.72983e-18)
(-0 -0 0)
(-0 -0 -3.38813e-21)
(-0 -0 3.38813e-21)
(-0 -0 -4.75694e-18)
(-0 -0 4.75355e-18)
(-0 -0 3.38813e-21)
(-0 -0 0)
(-0 -0 -4.7671e-18)
(-0 -0 0)
(-0 -0 4.77727e-18)
(-0 -0 0)
(-0 -0 0)
(-0 -0 3.38813e-21)
(-0 -0 -4.79421e-18)
(-0 -0 4.80098e-18)
(-0 -0 3.38813e-21)
(-0 -0 3.38813e-21)
(-0 -0 -4.81792e-18)
(-0 -0 4.81792e-18)
(-0 -0 -4.8247e-18)
(-0 -0 4.8247e-18)
(-0 -0 -4.8247e-18)
(-0 -0 4.84164e-18)
(-0 -0 6.77626e-21)
(-0 -0 0)
(-0 -0 0)
(-0 -0 -4.85519e-18)
(-0 -0 4.86536e-18)
(-0 -0 3.38813e-21)
(-0 -0 -4.86536e-18)
(-0 -0 0)
(-0 -0 4.87552e-18)
(-0 -0 -4.87891e-18)
(-0 -0 4.8823e-18)
(-0 -0 -3.38813e-21)
(-0 -0 0)
(-0 -0 0)
(-0 -0 -3.38813e-21)
(-0 -0 -4.90601e-18)
(-0 -0 4.91957e-18)
(-0 -0 -4.91957e-18)
(-0 -0 4.91957e-18)
(-0 -0 -6.77626e-21)
(-0 -0 0)
(-0 -0 0)
(-0 -0 -4.9399e-18)
(-0 -0 6.77626e-21)
(-0 -0 4.95345e-18)
(-0 -0 0)
(-0 -0 -4.96361e-18)
(-0 -0 4.967e-18)
(-0 -0 0)
(-0 -0 0)
(-0 -0 -6.77626e-21)
(-0 -0 -3.38813e-21)
(-0 -0 3.38813e-21)
(-0 -0 0)
(-0 -0 -3.38813e-21)
(-0 -0 -5.00766e-18)
(-0 -0 5.00088e-18)
(-0 -0 -5.01105e-18)
(-0 -0 5.01105e-18)
(-0 -0 -5.02121e-18)
(-0 -0 -3.38813e-21)
(-0 -0 3.38813e-21)
(-0 -0 0)
(-0 -0 5.03476e-18)
(-0 -0 -5.04154e-18)
(-0 -0 -6.77626e-21)
(-0 -0 -3.38813e-21)
(-0 -0 5.05509e-18)
(-0 -0 -3.38813e-21)
(-0 -0 3.38813e-21)
(-0 -0 3.38813e-21)
(-0 -0 -6.77626e-21)
(-0 -0 -5.08559e-18)
(-0 -0 5.08897e-18)
(-0 -0 -5.09236e-18)
(-0 -0 5.10253e-18)
(-0 -0 -5.10253e-18)
(-0 -0 5.10591e-18)
(-0 -0 -6.77626e-21)
(-0 -0 -5.11269e-18)
(-0 -0 5.11947e-18)
(-0 -0 3.38813e-21)
(-0 -0 3.38813e-21)
(-0 -0 -3.38813e-21)
(-0 -0 -3.38813e-21)
(-0 -0 0)
(-0 -0 0)
(-0 -0 0)
(-0 -0 -5.15674e-18)
(-0 -0 5.17029e-18)
(-0 -0 0)
(-0 -0 -3.38813e-21)
(-0 -0 -3.38813e-21)
(-0 -0 0)
(-0 -0 0)
(-0 -0 -5.19401e-18)
(-0 -0 6.77626e-21)
(-0 -0 5.19739e-18)
(-0 -0 0)
(-0 -0 0)
(-0 -0 0)
(-0 -0 -5.22789e-18)
(-0 -0 5.22789e-18)
(-0 -0 -5.23128e-18)
(-0 -0 5.23466e-18)
(-0 -0 3.38813e-21)
(-0 -0 0)
(-0 -0 0)
(-0 -0 -5.25499e-18)
(-0 -0 3.38813e-21)
(-0 -0 0)
(-0 -0 5.27532e-18)
(-0 -0 3.38813e-21)
(-0 -0 0)
(-0 -0 3.38813e-21)
(-0 -0 -5.29226e-18)
(-0 -0 5.29904e-18)
(-0 -0 0)
(-0 -0 -5.30581e-18)
(-0 -0 5.30581e-18)
(-0 -0 -5.31598e-18)
(-0 -0 5.31937e-18)
(-0 -0 -5.32614e-18)
(-0 -0 5.32614e-18)
(-0 -0 -5.32953e-18)
(-0 -0 5.3397e-18)
(-0 -0 -3.38813e-21)
(-0 -0 0)
(-0 -0 -5.35325e-18)
(-0 -0 3.38813e-21)
(-0 -0 5.3668e-18)
(-0 -0 0)
(-0 -0 -5.38035e-18)
(-0 -0 5.38035e-18)
(-0 -0 -5.39052e-18)
(-0 -0 5.39391e-18)
(-0 -0 -5.39729e-18)
(-0 -0 5.39729e-18)
(-0 -0 -5.40407e-18)
(-0 -0 -3.38813e-21)
(-0 -0 0)
(-0 -0 5.41423e-18)
(-0 -0 3.38813e-21)
(-0 -0 0)
(-0 -0 3.38813e-21)
(-0 -0 -5.44134e-18)
(-0 -0 5.4515e-18)
(-0 -0 0)
(-0 -0 -3.38813e-21)
(-0 -0 3.38813e-21)
(-0 -0 -5.46844e-18)
(-0 -0 5.47183e-18)
(-0 -0 -5.47183e-18)
(-0 -0 5.48877e-18)
(-0 -0 3.38813e-21)
(-0 -0 -5.49216e-18)
(-0 -0 5.49894e-18)
(-0 -0 -5.50233e-18)
(-0 -0 5.5091e-18)
(-0 -0 -5.51249e-18)
(-0 -0 5.51927e-18)
(-0 -0 -6.77626e-21)
(-0 -0 -5.52943e-18)
(-0 -0 5.53282e-18)
(-0 -0 6.77626e-21)
(-0 -0 0)
(-0 -0 6.77626e-21)
(-0 -0 -5.55992e-18)
(-0 -0 5.56331e-18)
(-0 -0 3.38813e-21)
(-0 -0 0)
(-0 -0 3.38813e-21)
(-0 -0 0)
(-0 -0 -3.38813e-21)
(-0 -0 -3.38813e-21)
(-0 -0 -5.59719e-18)
(-0 -0 3.38813e-21)
(-0 -0 -3.38813e-21)
(-0 -0 5.61075e-18)
(-0 -0 -5.61075e-18)
(-0 -0 5.63108e-18)
(-0 -0 -3.38813e-21)
(-0 -0 3.38813e-21)
(-0 -0 0)
(-0 -0 -5.64124e-18)
(-0 -0 5.64463e-18)
(-0 -0 0)
(-0 -0 -5.65818e-18)
(-0 -0 5.66834e-18)
(-0 -0 -3.38813e-21)
(-0 -0 -5.67512e-18)
(-0 -0 5.68529e-18)
(-0 -0 -5.68529e-18)
(-0 -0 5.68529e-18)
(-0 -0 0)
(-0 -0 -3.38813e-21)
(-0 -0 -5.709e-18)
(-0 -0 0)
(-0 -0 5.72255e-18)
(-0 -0 0)
(-0 -0 -5.72933e-18)
(-0 -0 5.73272e-18)
(-0 -0 3.38813e-21)
(-0 -0 -5.74288e-18)
(-0 -0 0)
(-0 -0 5.75644e-18)
(-0 -0 -5.76321e-18)
(-0 -0 5.77338e-18)
(-0 -0 0)
(-0 -0 6.77626e-21)
(-0 -0 -5.78015e-18)
(-0 -0 6.77626e-21)
(-0 -0 5.78693e-18)
(-0 -0 6.77626e-21)
(-0 -0 0)
(-0 -0 0)
(-0 -0 -5.81403e-18)
(-0 -0 5.82081e-18)
(-0 -0 -5.82759e-18)
(-0 -0 5.82759e-18)
(-0 -0 0)
(-0 -0 -6.77626e-21)
(-0 -0 -5.85469e-18)
(-0 -0 5.85469e-18)
(-0 -0 0)
(-0 -0 -5.85469e-18)
(-0 -0 6.77626e-21)
(-0 -0 5.8818e-18)
(-0 -0 0)
(-0 -0 0)
(-0 -0 6.77626e-21)
(-0 -0 0)
(-0 -0 -5.89535e-18)
(-0 -0 5.9089e-18)
(-0 -0 -6.77626e-21)
(-0 -0 -5.92245e-18)
(-0 -0 5.92923e-18)
(-0 -0 -5.92245e-18)
(-0 -0 0)
(-0 -0 5.94956e-18)
(-0 -0 6.77626e-21)
(-0 -0 6.77626e-21)
(-0 -0 -5.95634e-18)
(-0 -0 0)
(-0 -0 5.96989e-18)
(-0 -0 0)
(-0 -0 -5.98344e-18)
(-0 -0 0)
(-0 -0 0)
(-0 -0 5.99699e-18)
(-0 -0 0)
(-0 -0 -6.01055e-18)
(-0 -0 0)
(-0 -0 0)
(-0 -0 6.0241e-18)
(-0 -0 6.77626e-21)
(-0 -0 0)
(-0 -0 0)
(-0 -0 0)
(-0 -0 0)
(-0 -0 0)
(-0 -0 0)
(-0 -0 6.77626e-21)
(-0 -0 -6.07831e-18)
(-0 -0 6.09186e-18)
(-0 -0 -6.09186e-18)
(-0 -0 0)
(-0 -0 6.09864e-18)
(-0 -0 -6.09864e-18)
(-0 -0 6.10541e-18)
(-0 -0 6.77626e-21)
(-0 -0 -6.11897e-18)
(-0 -0 6.12574e-18)
(-0 -0 -6.13252e-18)
(-0 -0 1.22854e-17)
(-0 -0 -1.22921e-17)
(-0 -0 6.15962e-18)
(-0 -0 -6.77626e-21)
(-0 -0 6.1664e-18)
(-0 -0 -6.77626e-21)
(-0 -0 0)
(-0 -0 -1.23599e-17)
(-0 -0 6.17995e-18)
(-0 -0 -6.1935e-18)
(-0 -0 0)
(-0 -0 6.22061e-18)
(-0 -0 0)
(-0 -0 0)
(-0 -0 -1.24412e-17)
(-0 -0 6.24094e-18)
(-0 -0 6.22739e-18)
(-0 -0 -6.77626e-21)
(-0 -0 -6.24094e-18)
(-0 -0 0)
(-0 -0 -6.77626e-21)
(-0 -0 0)
(-0 -0 0)
(-0 -0 6.27482e-18)
(-0 -0 -6.77626e-21)
(-0 -0 -6.2816e-18)
(-0 -0 6.29515e-18)
(-0 -0 -6.77626e-21)
(-0 -0 -6.30193e-18)
(-0 -0 -6.77626e-21)
(-0 -0 6.31548e-18)
(-0 -0 0)
(-0 -0 -6.32225e-18)
(-0 -0 0)
(-0 -0 6.33581e-18)
(-0 -0 -6.34258e-18)
(-0 -0 6.35614e-18)
(-0 -0 0)
(-0 -0 0)
(-0 -0 0)
(-0 -0 0)
(-0 -0 -6.77626e-21)
(-0 -0 0)
(-0 -0 -6.39679e-18)
(-0 -0 1.28004e-17)
(-0 -0 -6.39679e-18)
(-0 -0 -6.41035e-18)
(-0 -0 6.43067e-18)
(-0 -0 0)
(-0 -0 -6.4239e-18)
(-0 -0 6.43745e-18)
(-0 -0 -6.44423e-18)
(-0 -0 6.44423e-18)
(-0 -0 0)
(-0 -0 -6.44423e-18)
(-0 -0 0)
(-0 -0 6.47811e-18)
(-0 -0 -6.47133e-18)
(-0 -0 6.48488e-18)
(-0 -0 0)
(-0 -0 0)
(-0 -0 -6.50521e-18)
(-0 -0 6.77626e-21)
(-0 -0 0)
(-0 -0 0)
(-0 -0 -6.77626e-21)
(-0 -0 0)
(-0 -0 0)
(-0 -0 0)
(-0 -0 6.55265e-18)
(-0 -0 0)
(-0 -0 -6.57298e-18)
(-0 -0 6.5662e-18)
(-0 -0 6.57298e-18)
(-0 -0 -1.31595e-17)
(-0 -0 0)
(-0 -0 -6.77626e-21)
(-0 -0 6.5933e-18)
(-0 -0 -6.60008e-18)
(-0 -0 6.61363e-18)
(-0 -0 -6.77626e-21)
(-0 -0 -6.62719e-18)
(-0 -0 6.62041e-18)
(-0 -0 0)
(-0 -0 0)
(-0 -0 -6.77626e-21)
(-0 -0 -6.66784e-18)
(-0 -0 6.65429e-18)
(-0 -0 6.77626e-21)
(-0 -0 -6.6814e-18)
(-0 -0 6.6814e-18)
(-0 -0 0)
(-0 -0 6.77626e-21)
(-0 -0 -6.69495e-18)
(-0 -0 6.70172e-18)
(-0 -0 0)
(-0 -0 0)
(-0 -0 6.72205e-18)
(-0 -0 -6.74238e-18)
(-0 -0 -6.73561e-18)
(-0 -0 6.74916e-18)
(-0 -0 -6.74916e-18)
(-0 -0 6.76271e-18)
(-0 -0 0)
(-0 -0 0)
(-0 -0 0)
(-0 -0 -6.77626e-18)
(-0 -0 6.78982e-18)
(-0 -0 0)
(-0 -0 0)
(-0 -0 -6.81014e-18)
(-0 -0 6.81692e-18)
(-0 -0 6.83047e-18)
(-0 -0 -6.8237e-18)
(-0 -0 -6.83047e-18)
(-0 -0 6.83047e-18)
(-0 -0 0)
(-0 -0 6.8508e-18)
(-0 -0 -6.85758e-18)
(-0 -0 -6.87113e-18)
(-0 -0 6.87113e-18)
(-0 -0 6.77626e-21)
(-0 -0 0)
(-0 -0 6.88468e-18)
(-0 -0 -6.89824e-18)
(-0 -0 -6.77626e-21)
(-0 -0 -6.89824e-18)
(-0 -0 0)
(-0 -0 6.91857e-18)
(-0 -0 -6.93212e-18)
(-0 -0 6.94567e-18)
(-0 -0 0)
(-0 -0 0)
(-0 -0 0)
(-0 -0 6.77626e-21)
(-0 -0 0)
(-0 -0 6.97278e-18)
(-0 -0 -6.97955e-18)
(-0 -0 -6.77626e-21)
(-0 -0 0)
(-0 -0 -6.77626e-21)
(-0 -0 -7.00666e-18)
(-0 -0 7.01343e-18)
(-0 -0 0)
(-0 -0 -7.01343e-18)
(-0 -0 7.04054e-18)
(-0 -0 -7.04054e-18)
(-0 -0 0)
(-0 -0 6.77626e-21)
(-0 -0 -7.05409e-18)
(-0 -0 1.41285e-17)
(-0 -0 -7.07442e-18)
(-0 -0 7.07442e-18)
(-0 -0 0)
(-0 -0 0)
(-0 -0 0)
(-0 -0 7.11508e-18)
(-0 -0 -7.1083e-18)
(-0 -0 -7.11508e-18)
(-0 -0 7.13541e-18)
(-0 -0 0)
(-0 -0 7.14218e-18)
(-0 -0 -7.16251e-18)
(-0 -0 -7.14896e-18)
(-0 -0 7.14896e-18)
(-0 -0 -7.16929e-18)
(-0 -0 0)
(-0 -0 6.77626e-21)
(-0 -0 6.77626e-21)
(-0 -0 0)
(-0 -0 0)
(-0 -0 6.77626e-21)
(-0 -0 6.77626e-21)
(-0 -0 7.2235e-18)
(-0 -0 0)
(-0 -0 -7.2235e-18)
(-0 -0 0)
(-0 -0 0)
(-0 -0 7.25738e-18)
(-0 -0 7.24383e-18)
(-0 -0 -7.27093e-18)
(-0 -0 -6.77626e-21)
(-0 -0 -6.77626e-21)
(-0 -0 -7.28448e-18)
(-0 -0 7.29804e-18)
(-0 -0 -6.77626e-21)
(-0 -0 7.29804e-18)
(-0 -0 -7.31836e-18)
(-0 -0 7.33192e-18)
(-0 -0 -7.33192e-18)
(-0 -0 0)
(-0 -0 -7.32514e-18)
(-0 -0 7.35225e-18)
(-0 -0 -7.35902e-18)
(-0 -0 7.37257e-18)
(-0 -0 -7.3658e-18)
(-0 -0 7.37935e-18)
(-0 -0 7.38613e-18)
(-0 -0 -1.47858e-17)
(-0 -0 -6.77626e-21)
(-0 -0 1.48061e-17)
(-0 -0 -7.41323e-18)
(-0 -0 0)
(-0 -0 -7.42001e-18)
(-0 -0 0)
(-0 -0 0)
(-0 -0 6.77626e-21)
(-0 -0 7.45389e-18)
(-0 -0 -6.77626e-21)
(-0 -0 -7.47422e-18)
(-0 -0 0)
(-0 -0 0)
(-0 -0 0)
(-0 -0 7.48777e-18)
(-0 -0 7.50132e-18)
(-0 -0 6.77626e-21)
(-0 -0 -7.51488e-18)
(-0 -0 0)
(-0 -0 0)
(-0 -0 0)
(-0 -0 -7.54198e-18)
(-0 -0 6.77626e-21)
(-0 -0 -6.77626e-21)
(-0 -0 1.51314e-17)
(-0 -0 0)
(-0 -0 0)
(-0 -0 -6.77626e-21)
(-0 -0 -1.51924e-17)
(-0 -0 7.60974e-18)
(-0 -0 -7.60297e-18)
(-0 -0 7.60297e-18)
(-0 -0 6.77626e-21)
(-0 -0 -1.52669e-17)
(-0 -0 2.29173e-17)
(-0 -0 -1.52873e-17)
(-0 -0 6.77626e-21)
(-0 -0 6.77626e-21)
(-0 -0 -6.77626e-21)
(-0 -0 7.66395e-18)
(-0 -0 0)
(-0 -0 -6.77626e-21)
(-0 -0 -6.77626e-21)
(-0 -0 -6.77626e-21)
(-0 -0 0)
(-0 -0 -7.72494e-18)
(-0 -0 1.15806e-17)
(-0 -0 3.86247e-18)
(-0 -0 -7.74527e-18)
(-0 -0 -1.16077e-17)
(-0 -0 3.87602e-18)
(-0 -0 3.88958e-18)
(-0 -0 -7.75882e-18)
(-0 -0 1.16552e-17)
(-0 -0 -3.88958e-18)
(-0 -0 1.16687e-17)
(-0 -0 -7.79948e-18)
(-0 -0 -3.89635e-18)
(-0 -0 0)
(-0 -0 7.82658e-18)
(-0 -0 -6.77626e-21)
(-0 -0 -1.56667e-17)
(-0 -0 1.56803e-17)
(-0 -0 -1.56938e-17)
(-0 -0 7.85369e-18)
(-0 -0 0)
(-0 -0 3.93701e-18)
(-0 -0 3.93023e-18)
(-0 -0 6.77626e-21)
(-0 -0 0)
(-0 -0 6.77626e-21)
(-0 -0 -1.5809e-17)
(-0 -0 3.95734e-18)
(-0 -0 3.96411e-18)
(-0 -0 3.97089e-18)
(-0 -0 -1.19127e-17)
(-0 -0 7.94178e-18)
(-0 -0 7.94856e-18)
(-0 -0 -7.96211e-18)
(-0 -0 6.77626e-21)
(-0 -0 -3.98444e-18)
(-0 -0 -3.98444e-18)
(-0 -0 0)
(-0 -0 8.00277e-18)
(-0 -0 1.60055e-17)
(-0 -0 -1.20279e-17)
(-0 -0 0)
(-0 -0 -1.20346e-17)
(-0 -0 4.01155e-18)
(-0 -0 4.0251e-18)
(-0 -0 8.0502e-18)
(-0 -0 -4.0251e-18)
(-0 -0 6.77626e-21)
(-0 -0 -8.07053e-18)
(-0 -0 1.21295e-17)
(-0 -0 -8.07731e-18)
(-0 -0 -4.04543e-18)
(-0 -0 -6.77626e-21)
(-0 -0 8.11119e-18)
(-0 -0 -4.05898e-18)
(-0 -0 -1.21837e-17)
(-0 -0 4.06576e-18)
(-0 -0 1.62766e-17)
(-0 -0 -1.22176e-17)
(-0 -0 2.0383e-17)
(-0 -0 -2.44894e-17)
(-0 -0 8.17895e-18)
(-0 -0 -4.08609e-18)
(-0 -0 1.22786e-17)
(-0 -0 -1.22854e-17)
(-0 -0 0)
(-0 -0 4.09964e-18)
(-0 -0 1.23125e-17)
(-0 -0 -1.64392e-17)
(-0 -0 8.23316e-18)
(-0 -0 -4.13352e-18)
(-0 -0 -4.13352e-18)
(-0 -0 0)
(-0 -0 8.25349e-18)
(-0 -0 -8.26027e-18)
(-0 -0 8.28059e-18)
(-0 -0 6.77626e-21)
(-0 -0 -6.77626e-21)
(-0 -0 4.15385e-18)
(-0 -0 -1.66154e-17)
(-0 -0 1.6629e-17)
(-0 -0 -4.15385e-18)
(-0 -0 -4.1674e-18)
(-0 -0 -4.18095e-18)
(-0 -0 8.35513e-18)
(-0 -0 -4.18095e-18)
(-0 -0 4.18095e-18)
(-0 -0 -8.36869e-18)
(-0 -0 0)
(-0 -0 1.67577e-17)
(-0 -0 -1.25835e-17)
(-0 -0 8.39579e-18)
(-0 -0 -1.26106e-17)
(-0 -0 -8.4229e-18)
(-0 -0 1.68593e-17)
(-0 -0 4.21484e-18)
(-0 -0 0)
(-0 -0 -1.26716e-17)
(-0 -0 1.69e-17)
(-0 -0 -1.26852e-17)
(-0 -0 4.22839e-18)
(-0 -0 -6.77626e-21)
(-0 -0 -4.24872e-18)
(-0 -0 4.24194e-18)
(-0 -0 4.24872e-18)
(-0 -0 0)
(-0 -0 6.77626e-21)
(-0 -0 4.25549e-18)
(-0 -0 -4.26905e-18)
(-0 -0 -8.55164e-18)
(-0 -0 -4.26905e-18)
(-0 -0 6.77626e-21)
(-0 -0 1.28546e-17)
(-0 -0 -6.77626e-21)
(-0 -0 -8.58553e-18)
(-0 -0 -4.28937e-18)
(-0 -0 -6.77626e-21)
(-0 -0 6.77626e-21)
(-0 -0 4.31648e-18)
(-0 -0 1.29291e-17)
(-0 -0 -8.62618e-18)
(-0 -0 -4.32326e-18)
(-0 -0 0)
(-0 -0 8.66006e-18)
(-0 -0 -4.33003e-18)
(-0 -0 4.33003e-18)
(-0 -0 -1.30308e-17)
(-0 -0 1.30375e-17)
(-0 -0 4.35714e-18)
(-0 -0 -2.17654e-17)
(-0 -0 4.35714e-18)
(-0 -0 8.72105e-18)
(-0 -0 -8.72783e-18)
(-0 -0 1.31053e-17)
(-0 -0 -1.31324e-17)
(-0 -0 8.75493e-18)
(-0 -0 -8.76171e-18)
(-0 -0 4.37747e-18)
(-0 -0 8.76849e-18)
(-0 -0 -1.35525e-20)
(-0 -0 -1.31866e-17)
(-0 -0 4.39102e-18)
(-0 -0 8.80914e-18)
(-0 -0 4.41812e-18)
(-0 -0 -4.4249e-18)
(-0 -0 -2.20906e-17)
(-0 -0 1.32747e-17)
(-0 -0 -4.4249e-18)
(-0 -0 4.41812e-18)
(-0 -0 -6.77626e-21)
(-0 -0 8.87013e-18)
(-0 -0 -1.33357e-17)
(-0 -0 1.33425e-17)
(-0 -0 0)
(-0 -0 -8.91079e-18)
(-0 -0 -4.45201e-18)
(-0 -0 -4.46556e-18)
(-0 -0 1.34034e-17)
(-0 -0 4.47911e-18)
(-0 -0 -1.79164e-17)
(-0 -0 8.965e-18)
(-0 -0 6.77626e-21)
(-0 -0 -8.97855e-18)
(-0 -0 1.79707e-17)
(-0 -0 -1.34983e-17)
(-0 -0 4.49944e-18)
(-0 -0 -9.00565e-18)
(-0 -0 0)
(-0 -0 1.35458e-17)
(-0 -0 -4.51299e-18)
(-0 -0 4.52654e-18)
(-0 -0 4.52654e-18)
(-0 -0 -4.53332e-18)
(-0 -0 9.07342e-18)
(-0 -0 -2.27005e-17)
(-0 -0 4.5401e-18)
(-0 -0 1.36474e-17)
(-0 -0 -9.10052e-18)
(-0 -0 -4.54687e-18)
(-0 -0 4.56043e-18)
(-0 -0 -4.57398e-18)
(-0 -0 4.57398e-18)
(-0 -0 -4.58075e-18)
(-0 -0 0)
(-0 -0 1.83298e-17)
(-0 -0 -9.18184e-18)
(-0 -0 9.16828e-18)
(-0 -0 -9.19539e-18)
(-0 -0 9.20217e-18)
(-0 -0 -9.21572e-18)
(-0 -0 -4.61464e-18)
(-0 -0 6.77626e-21)
(-0 -0 0)
(-0 -0 -4.63496e-18)
(-0 -0 4.63496e-18)
(-0 -0 4.64174e-18)
(-0 -0 -4.63496e-18)
(-0 -0 -1.39184e-17)
(-0 -0 2.32155e-17)
(-0 -0 -1.39456e-17)
(-0 -0 1.86144e-17)
(-0 -0 -1.39659e-17)
(-0 -0 -6.77626e-21)
(-0 -0 -6.77626e-21)
(-0 -0 -4.66885e-18)
(-0 -0 9.33769e-18)
(-0 -0 -4.68917e-18)
(-0 -0 -4.67562e-18)
(-0 -0 1.40607e-17)
(-0 -0 -9.37835e-18)
(-0 -0 -6.77626e-21)
(-0 -0 -6.77626e-21)
(-0 -0 9.41223e-18)
(-0 -0 -9.39868e-18)
(-0 -0 2.35611e-17)
(-0 -0 -1.88787e-17)
(-0 -0 -4.71628e-18)
(-0 -0 4.72983e-18)
(-0 -0 -9.45966e-18)
(-0 -0 0)
(-0 -0 -4.72983e-18)
(-0 -0 4.74338e-18)
(-0 -0 2.37576e-17)
(-0 -0 -4.76371e-18)
(-0 -0 -4.75016e-18)
(-0 -0 -1.42979e-17)
(-0 -0 0)
(-0 -0 4.76371e-18)
(-0 -0 9.55453e-18)
(-0 -0 -9.56131e-18)
(-0 -0 4.79759e-18)
(-0 -0 -1.43725e-17)
(-0 -0 9.59519e-18)
(-0 -0 -4.79082e-18)
(-0 -0 -9.60197e-18)
(-0 -0 2.4049e-17)
(-0 -0 -1.44402e-17)
(-0 -0 1.44605e-17)
(-0 -0 -4.81792e-18)
(-0 -0 -4.8247e-18)
(-0 -0 6.77626e-21)
(-0 -0 -6.77626e-21)
(-0 -0 4.83825e-18)
(-0 -0 -9.69006e-18)
(-0 -0 -9.69683e-18)
(-0 -0 9.69683e-18)
(-0 -0 4.86536e-18)
(-0 -0 -4.86536e-18)
(-0 -0 1.45961e-17)
(-0 -0 -4.87891e-18)
(-0 -0 -6.77626e-21)
(-0 -0 9.75782e-18)
(-0 -0 -9.77815e-18)
(-0 -0 4.89924e-18)
(-0 -0 9.78492e-18)
(-0 -0 -1.47045e-17)
(-0 -0 0)
(-0 -0 -9.81203e-18)
(-0 -0 1.47384e-17)
(-0 -0 -1.47655e-17)
(-0 -0 0)
(-0 -0 1.4779e-17)
(-0 -0 -9.85269e-18)
(-0 -0 9.86624e-18)
(-0 -0 -1.97528e-17)
(-0 -0 0)
(-0 -0 1.48468e-17)
(-0 -0 -9.91367e-18)
(-0 -0 -4.96022e-18)
(-0 -0 2.48147e-17)
(-0 -0 -4.97378e-18)
(-0 -0 -4.98055e-18)
(-0 -0 -9.96111e-18)
(-0 -0 9.96788e-18)
(-0 -0 4.99411e-18)
(-0 -0 -9.98144e-18)
(-0 -0 -4.99411e-18)
(-0 -0 5.00766e-18)
(-0 -0 0)
(-0 -0 1.00221e-17)
(-0 -0 0)
(-0 -0 -1.00356e-17)
(-0 -0 0)
(-0 -0 1.50907e-17)
(-0 -0 -1.00695e-17)
(-0 -0 0)
(-0 -0 -2.01865e-17)
(-0 -0 1.00899e-17)
(-0 -0 1.0117e-17)
(-0 -0 5.06187e-18)
(-0 -0 -2.02407e-17)
(-0 -0 1.01373e-17)
(-0 -0 5.06187e-18)
(-0 -0 0)
(-0 -0 -1.52398e-17)
(-0 -0 1.01644e-17)
(-0 -0 1.52669e-17)
(-0 -0 -2.03898e-17)
(-0 -0 1.5294e-17)
(-0 -0 -1.53144e-17)
(-0 -0 0)
(-0 -0 2.04575e-17)
(-0 -0 -1.53618e-17)
(-0 -0 -1.02457e-17)
(-0 -0 1.53821e-17)
(-0 -0 -5.13641e-18)
(-0 -0 -5.12286e-18)
(-0 -0 2.05727e-17)
(-0 -0 -1.54431e-17)
(-0 -0 -1.02999e-17)
(-0 -0 1.03067e-17)
(-0 -0 5.16351e-18)
(-0 -0 5.16351e-18)
(-0 -0 0)
(-0 -0 -1.55244e-17)
(-0 -0 5.18384e-18)
(-0 -0 0)
(-0 -0 -1.03677e-17)
(-0 -0 5.19739e-18)
(-0 -0 1.56057e-17)
(-0 -0 -1.04151e-17)
(-0 -0 5.21095e-18)
(-0 -0 -1.56532e-17)
(-0 -0 1.0449e-17)
(-0 -0 5.2245e-18)
(-0 -0 -1.04626e-17)
(-0 -0 0)
(-0 -0 0)
(-0 -0 1.57345e-17)
(-0 -0 5.2516e-18)
(-0 -0 -2.10132e-17)
(-0 -0 5.25838e-18)
(-0 -0 0)
(-0 -0 5.27193e-18)
(-0 -0 -1.05371e-17)
(-0 -0 1.58294e-17)
(-0 -0 -1.0571e-17)
(-0 -0 6.77626e-21)
(-0 -0 5.31259e-18)
(-0 -0 -6.77626e-21)
(-0 -0 0)
(-0 -0 -6.77626e-21)
(-0 -0 -1.06252e-17)
(-0 -0 5.31259e-18)
(-0 -0 1.06523e-17)
(-0 -0 -2.13181e-17)
(-0 -0 1.60123e-17)
(-0 -0 1.60191e-17)
(-0 -0 -2.13791e-17)
(-0 -0 6.77626e-21)
(-0 -0 6.77626e-21)
(-0 -0 0)
(-0 -0 1.07268e-17)
(-0 -0 -5.3668e-18)
(-0 -0 5.37358e-18)
(-0 -0 -1.07675e-17)
(-0 -0 -6.77626e-21)
(-0 -0 1.0781e-17)
(-0 -0 -5.40068e-18)
(-0 -0 5.40068e-18)
(-0 -0 -5.40746e-18)
(-0 -0 0)
(-0 -0 1.08285e-17)
(-0 -0 -1.62563e-17)
(-0 -0 5.42779e-18)
(-0 -0 5.43456e-18)
(-0 -0 -1.08624e-17)
(-0 -0 5.42779e-18)
(-0 -0 -5.44812e-18)
(-0 -0 5.44812e-18)
(-0 -0 1.08962e-17)
(-0 -0 -2.18535e-17)
(-0 -0 5.46844e-18)
(-0 -0 -5.46844e-18)
(-0 -0 1.09572e-17)
(-0 -0 -5.47522e-18)
(-0 -0 1.09708e-17)
(-0 -0 -5.49555e-18)
(-0 -0 0)
(-0 -0 5.50233e-18)
(-0 -0 -2.20229e-17)
(-0 -0 1.65341e-17)
(-0 -0 -1.65409e-17)
(-0 -0 1.10453e-17)
(-0 -0 -5.53621e-18)
(-0 -0 2.21381e-17)
(-0 -0 -5.54298e-18)
(-0 -0 -1.66357e-17)
(-0 -0 5.55654e-18)
(-0 -0 -5.55654e-18)
(-0 -0 5.55654e-18)
(-0 -0 -5.56331e-18)
(-0 -0 1.11402e-17)
(-0 -0 -5.57009e-18)
(-0 -0 5.58364e-18)
(-0 -0 -1.11741e-17)
(-0 -0 5.58364e-18)
(-0 -0 -5.59719e-18)
(-0 -0 -6.77626e-21)
(-0 -0 -1.12147e-17)
(-0 -0 2.24362e-17)
(-0 -0 -6.77626e-21)
(-0 -0 -2.24836e-17)
(-0 -0 1.12554e-17)
(-0 -0 1.69e-17)
(-0 -0 -1.12757e-17)
(-0 -0 0)
(-0 -0 -1.1296e-17)
(-0 -0 1.13096e-17)
(-0 -0 1.69745e-17)
(-0 -0 6.77626e-21)
(-0 -0 -1.13435e-17)
(-0 -0 5.67173e-18)
(-0 -0 -1.70355e-17)
(-0 -0 1.70559e-17)
(-0 -0 -1.70694e-17)
(-0 -0 1.13773e-17)
(-0 -0 0)
(-0 -0 1.1418e-17)
(-0 -0 -5.71239e-18)
(-0 -0 -1.14316e-17)
(-0 -0 -5.71917e-18)
(-0 -0 1.71914e-17)
(-0 -0 -1.14722e-17)
(-0 -0 -5.75305e-18)
(-0 -0 1.14925e-17)
(-0 -0 -1.14993e-17)
(-0 -0 1.72727e-17)
(-0 -0 -5.75982e-18)
(-0 -0 -1.72998e-17)
(-0 -0 1.15332e-17)
(-0 -0 -6.77626e-21)
(-0 -0 -5.77338e-18)
(-0 -0 5.78693e-18)
(-0 -0 0)
(-0 -0 -1.15942e-17)
(-0 -0 1.1601e-17)
(-0 -0 5.80726e-18)
(-0 -0 -5.82081e-18)
(-0 -0 5.82759e-18)
(-0 -0 0)
(-0 -0 -2.91515e-17)
(-0 -0 2.33442e-17)
(-0 -0 1.75166e-17)
(-0 -0 -1.7537e-17)
(-0 -0 6.77626e-21)
(-0 -0 5.86147e-18)
(-0 -0 -1.17229e-17)
(-0 -0 5.86147e-18)
(-0 -0 6.77626e-21)
(-0 -0 -5.8818e-18)
(-0 -0 1.76589e-17)
(-0 -0 -1.17839e-17)
(-0 -0 -5.89535e-18)
(-0 -0 5.90213e-18)
(-0 -0 -5.90213e-18)
(-0 -0 6.77626e-21)
(-0 -0 1.77538e-17)
(-0 -0 -1.18585e-17)
(-0 -0 -1.18517e-17)
(-0 -0 5.92923e-18)
(-0 -0 1.78283e-17)
(-0 -0 -1.78351e-17)
(-0 -0 -5.94278e-18)
(-0 -0 2.97885e-17)
(-0 -0 -1.78961e-17)
(-0 -0 0)
(-0 -0 1.19533e-17)
(-0 -0 -5.97666e-18)
(-0 -0 -5.99022e-18)
(-0 -0 -5.99699e-18)
(-0 -0 1.19872e-17)
(-0 -0 -1.20143e-17)
(-0 -0 1.80181e-17)
(-0 -0 -1.80452e-17)
(-0 -0 -6.77626e-21)
(-0 -0 -6.01732e-18)
(-0 -0 1.80858e-17)
(-0 -0 0)
(-0 -0 -1.20956e-17)
(-0 -0 2.41845e-17)
(-0 -0 -2.42116e-17)
(-0 -0 6.0512e-18)
(-0 -0 -1.81943e-17)
(-0 -0 3.03509e-17)
(-0 -0 -6.07831e-18)
(-0 -0 -1.21566e-17)
(-0 -0 1.21769e-17)
(-0 -0 6.09186e-18)
(-0 -0 -1.82959e-17)
(-0 -0 -6.11219e-18)
(-0 -0 -6.11219e-18)
(-0 -0 1.83433e-17)
(-0 -0 6.11897e-18)
(-0 -0 -6.11897e-18)
(-0 -0 1.2265e-17)
(-0 -0 0)
(-0 -0 -6.14607e-18)
(-0 -0 -1.8445e-17)
(-0 -0 1.23192e-17)
(-0 -0 -6.15962e-18)
(-0 -0 0)
(-0 -0 1.85128e-17)
(-0 -0 -1.23464e-17)
(-0 -0 6.18673e-18)
(-0 -0 0)
(-0 -0 -6.1935e-18)
(-0 -0 6.77626e-21)
(-0 -0 0)
(-0 -0 -6.21383e-18)
(-0 -0 -6.22061e-18)
(-0 -0 3.11369e-17)
(-0 -0 -2.49299e-17)
(-0 -0 0)
(-0 -0 6.24772e-18)
(-0 -0 -1.24887e-17)
(-0 -0 6.25449e-18)
(-0 -0 1.25158e-17)
(-0 -0 6.26127e-18)
(-0 -0 1.25361e-17)
(-0 -0 -3.14012e-17)
(-0 -0 1.25835e-17)
(-0 -0 6.29515e-18)
(-0 -0 6.29515e-18)
(-0 -0 -6.3087e-18)
(-0 -0 0)
(-0 -0 -6.3087e-18)
(-0 -0 -2.52687e-17)
(-0 -0 3.16248e-17)
(-0 -0 6.32903e-18)
(-0 -0 -1.26716e-17)
(-0 -0 6.77626e-21)
(-0 -0 -6.34258e-18)
(-0 -0 -1.90549e-17)
(-0 -0 6.36291e-18)
(-0 -0 1.59174e-17)
(-0 -0 9.54776e-18)
(-0 -0 0)
(-0 -0 -6.38324e-18)
(-0 -0 9.59519e-18)
(-0 -0 -1.59988e-17)
(-0 -0 3.1984e-18)
(-0 -0 -3.19162e-18)
(-0 -0 0)
(-0 -0 -6.41035e-18)
(-0 -0 -3.20517e-18)
(-0 -0 9.65618e-18)
(-0 -0 0)
(-0 -0 1.28885e-17)
(-0 -0 3.2255e-18)
(-0 -0 -1.93666e-17)
(-0 -0 1.61478e-17)
(-0 -0 -6.77626e-21)
(-0 -0 -9.70361e-18)
(-0 -0 -6.49166e-18)
(-0 -0 1.62292e-17)
(-0 -0 -1.62427e-17)
(-0 -0 2.27479e-17)
(-0 -0 -1.62698e-17)
(-0 -0 -6.51199e-18)
(-0 -0 3.25938e-18)
(-0 -0 1.30443e-17)
(-0 -0 -9.79848e-18)
(-0 -0 -2.28631e-17)
(-0 -0 3.2709e-17)
(-0 -0 -6.55265e-18)
(-0 -0 6.55265e-18)
(-0 -0 9.83236e-18)
(-0 -0 -2.29851e-17)
(-0 -0 6.57298e-18)
(-0 -0 -1.97325e-17)
(-0 -0 9.87979e-18)
(-0 -0 2.96597e-17)
(-0 -0 -2.63935e-17)
(-0 -0 2.97071e-17)
(-0 -0 -1.3234e-17)
(-0 -0 -6.62041e-18)
(-0 -0 -1.65544e-17)
(-0 -0 -1.65612e-17)
(-0 -0 4.31174e-17)
(-0 -0 -2.98833e-17)
(-0 -0 2.99037e-17)
(-0 -0 -1.33154e-17)
(-0 -0 3.33392e-18)
(-0 -0 -2.66646e-17)
(-0 -0 3.33663e-17)
(-0 -0 -3.33392e-18)
(-0 -0 6.68817e-18)
(-0 -0 0)
(-0 -0 -1.67441e-17)
(-0 -0 2.34526e-17)
(-0 -0 -3.69035e-17)
(-0 -0 2.01391e-17)
(-0 -0 6.73561e-18)
(-0 -0 -6.74238e-18)
(-0 -0 0)
(-0 -0 -2.35882e-17)
(-0 -0 1.68729e-17)
(-0 -0 -1.01305e-17)
(-0 -0 -2.02814e-17)
(-0 -0 3.04525e-17)
(-0 -0 2.37169e-17)
(-0 -0 -4.06711e-17)
(-0 -0 3.73237e-17)
(-0 -0 -6.80337e-18)
(-0 -0 -1.70016e-17)
(-0 -0 -2.04169e-17)
(-0 -0 1.70355e-17)
(-0 -0 -1.02254e-17)
(-0 -0 2.04711e-17)
(-0 -0 -1.02389e-17)
(-0 -0 1.36609e-17)
(-0 -0 -4.44794e-17)
(-0 -0 4.45336e-17)
(-0 -0 -1.02864e-17)
(-0 -0 -3.43557e-18)
(-0 -0 1.03135e-17)
(-0 -0 6.87791e-18)
(-0 -0 -3.42879e-18)
(-0 -0 -1.03338e-17)
(-0 -0 2.41303e-17)
(-0 -0 -4.48521e-17)
(-0 -0 3.45318e-17)
(-0 -0 -6.90501e-18)
(-0 -0 -2.07557e-17)
(-0 -0 6.77626e-21)
(-0 -0 1.38642e-17)
(-0 -0 -3.47622e-18)
(-0 -0 1.35525e-20)
(-0 -0 0)
(-0 -0 2.08777e-17)
(-0 -0 -2.7864e-17)
(-0 -0 1.3932e-17)
(-0 -0 -2.09319e-17)
(-0 -0 2.79453e-17)
(-0 -0 -3.50333e-18)
(-0 -0 6.77626e-21)
(-0 -0 -1.40201e-17)
(-0 -0 -1.40133e-17)
(-0 -0 7.01343e-18)
(-0 -0 -3.51688e-18)
(-0 -0 7.02021e-18)
(-0 -0 2.11216e-17)
(-0 -0 -1.0571e-17)
(-0 -0 -2.8196e-17)
(-0 -0 7.06087e-18)
(-0 -0 7.06087e-18)
(-0 -0 2.82773e-17)
(-0 -0 -4.59905e-17)
(-0 -0 4.60447e-17)
(-0 -0 -2.12775e-17)
(-0 -0 2.12775e-17)
(-0 -0 3.56431e-18)
(-0 -0 -3.19975e-17)
(-0 -0 2.49095e-17)
(-0 -0 -3.58464e-18)
(-0 -0 -1.35525e-20)
(-0 -0 -2.1413e-17)
(-0 -0 4.28599e-17)
(-0 -0 -7.15573e-18)
(-0 -0 -1.43182e-17)
(-0 -0 6.77626e-21)
(-0 -0 1.43386e-17)
(-0 -0 -2.87043e-17)
(-0 -0 -6.77626e-21)
(-0 -0 3.59142e-18)
(-0 -0 3.5982e-18)
(-0 -0 2.88262e-17)
(-0 -0 -2.16434e-17)
(-0 -0 3.6253e-18)
(-0 -0 -1.80723e-17)
(-0 -0 -1.08556e-17)
(-0 -0 3.25803e-17)
(-0 -0 -2.89753e-17)
(-0 -0 6.77626e-21)
(-0 -0 4.3551e-17)
(-0 -0 -2.90498e-17)
(-0 -0 0)
(-0 -0 -1.09166e-17)
(-0 -0 7.27771e-18)
(-0 -0 2.18806e-17)
(-0 -0 -1.09572e-17)
(-0 -0 -1.46164e-17)
(-0 -0 2.19551e-17)
(-0 -0 -3.65918e-18)
(-0 -0 -7.33192e-18)
(-0 -0 -6.77626e-21)
(-0 -0 1.10114e-17)
(-0 -0 2.205e-17)
(-0 -0 -4.41406e-17)
(-0 -0 1.4718e-17)
(-0 -0 1.84247e-17)
(-0 -0 3.67951e-18)
(-0 -0 3.67951e-18)
(-0 -0 -3.69442e-17)
(-0 -0 7.3929e-18)
(-0 -0 1.48061e-17)
(-0 -0 -7.41323e-18)
(-0 -0 -1.48332e-17)
(-0 -0 2.59734e-17)
(-0 -0 -7.43356e-18)
(-0 -0 -2.23142e-17)
(-0 -0 3.35018e-17)
(-0 -0 -2.98088e-17)
(-0 -0 3.35561e-17)
(-0 -0 -5.22789e-17)
(-0 -0 1.49484e-17)
(-0 -0 -1.4962e-17)
(-0 -0 3.74321e-17)
(-0 -0 -3.76083e-18)
(-0 -0 1.50094e-17)
(-0 -0 -3.75405e-17)
(-0 -0 1.87838e-17)
(-0 -0 -1.35525e-20)
(-0 -0 1.12825e-17)
(-0 -0 -4.14504e-17)
(-0 -0 1.13164e-17)
(-0 -0 7.54876e-18)
(-0 -0 -3.78793e-18)
(-0 -0 -1.13502e-17)
(-0 -0 -2.27073e-17)
(-0 -0 6.0634e-17)
(-0 -0 -1.51721e-17)
(-0 -0 -1.13841e-17)
(-0 -0 1.13909e-17)
(-0 -0 -6.77626e-21)
(-0 -0 1.1418e-17)
(-0 -0 -1.52398e-17)
(-0 -0 1.90684e-17)
(-0 -0 -1.52737e-17)
(-0 -0 6.77626e-21)
(-0 -0 -1.5294e-17)
(-0 -0 1.53076e-17)
(-0 -0 -7.67073e-18)
(-0 -0 2.68476e-17)
(-0 -0 -7.67751e-18)
(-0 -0 -1.15196e-17)
(-0 -0 6.77626e-21)
(-0 -0 -7.69784e-18)
(-0 -0 3.08184e-17)
(-0 -0 -3.08659e-17)
(-0 -0 2.70237e-17)
(-0 -0 -2.70576e-17)
(-0 -0 1.93191e-17)
(-0 -0 1.16077e-17)
(-0 -0 -1.93869e-17)
(-0 -0 -2.32765e-17)
(-0 -0 1.55312e-17)
(-0 -0 -1.16552e-17)
(-0 -0 -1.55651e-17)
(-0 -0 5.4515e-17)
(-0 -0 -1.55854e-17)
(-0 -0 -2.72948e-17)
(-0 -0 3.12318e-17)
(-0 -0 -1.17297e-17)
(-0 -0 1.17229e-17)
(-0 -0 -3.92346e-18)
(-0 -0 7.83336e-18)
(-0 -0 -3.53043e-17)
(-0 -0 3.93701e-18)
(-0 -0 1.17975e-17)
(-0 -0 1.57413e-17)
(-0 -0 3.92346e-18)
(-0 -0 -2.36492e-17)
(-0 -0 0)
(-0 -0 7.90112e-18)
(-0 -0 7.89435e-18)
(-0 -0 -2.37373e-17)
(-0 -0 2.77352e-17)
(-0 -0 -1.35525e-20)
(-0 -0 -3.96682e-17)
(-0 -0 4.36662e-17)
(-0 -0 7.92823e-18)
(-0 -0 -5.96718e-17)
(-0 -0 2.38863e-17)
(-0 -0 7.97566e-18)
(-0 -0 1.19669e-17)
(-0 -0 -3.99257e-17)
(-0 -0 2.3988e-17)
(-0 -0 1.20008e-17)
(-0 -0 -1.60123e-17)
(-0 -0 8.00954e-18)
(-0 -0 -8.0231e-18)
(-0 -0 2.40896e-17)
(-0 -0 -1.60733e-17)
(-0 -0 -4.03188e-18)
(-0 -0 1.61207e-17)
(-0 -0 1.6114e-17)
(-0 -0 -2.42048e-17)
(-0 -0 1.21092e-17)
(-0 -0 -2.42522e-17)
(-0 -0 0)
(-0 -0 -8.09763e-18)
(-0 -0 4.45946e-17)
(-0 -0 -4.07931e-18)
(-0 -0 -1.21837e-17)
(-0 -0 6.77626e-21)
(-0 -0 -8.14507e-18)
(-0 -0 1.62901e-17)
(-0 -0 -2.03762e-17)
(-0 -0 -8.17217e-18)
(-0 -0 1.63376e-17)
(-0 -0 -1.2265e-17)
(-0 -0 -2.45436e-17)
(-0 -0 2.45775e-17)
(-0 -0 -6.77626e-21)
(-0 -0 -8.20606e-18)
(-0 -0 2.46249e-17)
(-0 -0 4.11319e-18)
(-0 -0 -1.64528e-17)
(-0 -0 2.05863e-17)
(-0 -0 -2.06269e-17)
(-0 -0 -8.26027e-18)
(-0 -0 2.06405e-17)
(-0 -0 4.1403e-18)
(-0 -0 4.13352e-18)
(-0 -0 -1.24344e-17)
(-0 -0 -8.29415e-18)
(-0 -0 1.65883e-17)
(-0 -0 -2.90634e-17)
(-0 -0 1.24683e-17)
(-0 -0 -8.32803e-18)
(-0 -0 -2.08235e-17)
(-0 -0 2.5018e-17)
(-0 -0 -3.33867e-17)
(-0 -0 2.92328e-17)
(-0 -0 2.09048e-17)
(-0 -0 -2.9287e-17)
(-0 -0 1.67645e-17)
(-0 -0 -1.25767e-17)
(-0 -0 1.25835e-17)
(-0 -0 4.18773e-18)
(-0 -0 -2.10132e-17)
(-0 -0 1.26242e-17)
(-0 -0 2.52822e-17)
(-0 -0 -1.26513e-17)
(-0 -0 -6.77626e-21)
(-0 -0 -8.44322e-18)
(-0 -0 2.11419e-17)
(-0 -0 -2.11623e-17)
(-0 -0 3.81233e-17)
(-0 -0 -3.81707e-17)
(-0 -0 -4.24262e-17)
(-0 -0 3.82385e-17)
(-0 -0 1.27597e-17)
(-0 -0 -1.27529e-17)
(-0 -0 2.55533e-17)
(-0 -0 2.13249e-17)
(-0 -0 -1.28071e-17)
(-0 -0 -5.5545e-17)
(-0 -0 -1.71101e-17)
(-0 -0 4.70747e-17)
(-0 -0 2.57024e-17)
(-0 -0 -3.42947e-17)
(-0 -0 1.28749e-17)
(-0 -0 -8.58553e-18)
(-0 -0 2.14943e-17)
(-0 -0 -8.59908e-18)
(-0 -0 -1.72456e-17)
(-0 -0 4.3097e-18)
(-0 -0 -6.77626e-21)
(-0 -0 1.29494e-17)
(-0 -0 -2.59328e-17)
(-0 -0 8.65329e-18)
(-0 -0 -1.29969e-17)
(-0 -0 1.7354e-17)
(-0 -0 -3.90652e-17)
(-0 -0 3.47622e-17)
(-0 -0 3.91397e-17)
(-0 -0 -4.78743e-17)
(-0 -0 3.92075e-17)
(-0 -0 -1.3085e-17)
(-0 -0 6.77626e-21)
(-0 -0 6.77626e-21)
(-0 -0 -1.31256e-17)
(-0 -0 8.76171e-18)
(-0 -0 -1.31324e-17)
(-0 -0 4.3856e-17)
(-0 -0 -3.95056e-17)
(-0 -0 8.77526e-18)
(-0 -0 -8.78881e-18)
(-0 -0 8.80914e-18)
(-0 -0 8.8227e-18)
(-0 -0 -2.20432e-17)
(-0 -0 -3.75134e-17)
(-0 -0 5.52265e-17)
(-0 -0 6.62719e-18)
(-0 -0 1.9929e-17)
(-0 -0 -3.3224e-17)
(-0 -0 -2.21584e-17)
(-0 -0 0)
(-0 -0 3.77506e-17)
(-0 -0 -1.55719e-17)
(-0 -0 -1.7808e-17)
(-0 -0 3.11844e-17)
(-0 -0 -4.01426e-17)
(-0 -0 1.11741e-17)
(-0 -0 2.22939e-18)
(-0 -0 -1.78893e-17)
(-0 -0 1.12012e-17)
(-0 -0 2.01594e-17)
(-0 -0 1.34577e-17)
(-0 -0 2.24294e-18)
(-0 -0 -8.99888e-18)
(-0 -0 -2.24972e-18)
(-0 -0 1.57548e-17)
(-0 -0 -2.70237e-17)
(-0 -0 2.02881e-17)
(-0 -0 -4.51502e-17)
(-0 -0 2.93751e-17)
(-0 -0 0)
(-0 -0 2.2565e-18)
(-0 -0 -1.81333e-17)
(-0 -0 2.04101e-17)
(-0 -0 2.27005e-18)
(-0 -0 2.95377e-17)
(-0 -0 -1.59242e-17)
(-0 -0 -4.77998e-17)
(-0 -0 3.87331e-17)
(-0 -0 -5.24347e-17)
(-0 -0 3.65173e-17)
(-0 -0 1.37219e-17)
(-0 -0 6.86436e-18)
(-0 -0 0)
(-0 -0 -4.58753e-18)
(-0 -0 0)
(-0 -0 -4.13217e-17)
(-0 -0 -6.89146e-18)
(-0 -0 4.83012e-17)
(-0 -0 9.20894e-18)
(-0 -0 4.60786e-18)
(-0 -0 -4.62141e-18)
(-0 -0 -4.62819e-18)
(-0 -0 -3.69781e-17)
(-0 -0 4.62819e-18)
(-0 -0 1.15806e-17)
(-0 -0 -2.54788e-17)
(-0 -0 1.85466e-17)
(-0 -0 1.1601e-17)
(-0 -0 0)
(-0 -0 -3.25735e-17)
(-0 -0 -1.39591e-17)
(-0 -0 1.86483e-17)
(-0 -0 1.86686e-17)
(-0 -0 -2.09996e-17)
(-0 -0 4.20603e-17)
(-0 -0 2.33103e-18)
(-0 -0 -2.10674e-17)
(-0 -0 -7.02699e-18)
(-0 -0 3.51891e-17)
(-0 -0 -3.5223e-17)
(-0 -0 1.6446e-17)
(-0 -0 7.05409e-18)
(-0 -0 9.40545e-18)
(-0 -0 4.70273e-18)
(-0 -0 -3.30207e-17)
(-0 -0 1.65205e-17)
(-0 -0 -1.65476e-17)
(-0 -0 4.72983e-18)
(-0 -0 -4.49876e-17)
(-0 -0 6.87384e-17)
(-0 -0 -6.16843e-17)
(-0 -0 3.56228e-17)
(-0 -0 -1.42573e-17)
(-0 -0 3.80555e-17)
(-0 -0 -2.38118e-17)
(-0 -0 -9.54098e-18)
(-0 -0 1.1933e-17)
(-0 -0 -2.14875e-17)
(-0 -0 4.77727e-18)
(-0 -0 6.45778e-17)
(-0 -0 -5.74627e-17)
(-0 -0 2.15621e-17)
(-0 -0 2.87788e-17)
(-0 -0 0)
(-0 -0 -2.64545e-17)
(-0 -0 -1.44334e-17)
(-0 -0 1.20482e-17)
(-0 -0 -3.13267e-17)
(-0 -0 1.44673e-17)
(-0 -0 -9.65618e-18)
(-0 -0 1.45148e-17)
(-0 -0 1.20889e-17)
(-0 -0 -7.27093e-18)
(-0 -0 4.83825e-18)
(-0 -0 -1.21227e-17)
(-0 -0 7.29126e-18)
(-0 -0 -3.40304e-17)
(-0 -0 7.31159e-18)
(-0 -0 7.30481e-18)
(-0 -0 2.43945e-18)
(-0 -0 4.87891e-18)
(-0 -0 1.46571e-17)
(-0 -0 -3.66596e-17)
(-0 -0 -4.88569e-18)
(-0 -0 2.45301e-18)
(-0 -0 3.6768e-17)
(-0 -0 -2.45978e-18)
(-0 -0 1.96444e-17)
(-0 -0 -2.94971e-17)
(-0 -0 3.44437e-17)
(-0 -0 -2.46317e-17)
(-0 -0 -1.97122e-17)
(-0 -0 2.96123e-17)
(-0 -0 -4.94667e-18)
(-0 -0 -3.21398e-17)
(-0 -0 -4.94667e-18)
(-0 -0 7.42678e-18)
(-0 -0 -9.9069e-18)
(-0 -0 4.21822e-17)
(-0 -0 2.98088e-17)
(-0 -0 -1.74014e-17)
(-0 -0 -2.98562e-17)
(-0 -0 -2.24091e-17)
(-0 -0 4.98597e-17)
(-0 -0 -3.24312e-17)
(-0 -0 -2.48689e-18)
(-0 -0 -1.49959e-17)
(-0 -0 2.7532e-17)
(-0 -0 -1.75234e-17)
(-0 -0 3.25938e-17)
(-0 -0 -3.01069e-17)
(-0 -0 3.7676e-17)
(-0 -0 -5.02867e-17)
(-0 -0 7.29668e-17)
(-0 -0 -4.78607e-17)
(-0 -0 1.51246e-17)
(-0 -0 -2.27073e-17)
(-0 -0 -1.76725e-17)
(-0 -0 2.52687e-17)
(-0 -0 1.51992e-17)
(-0 -0 -6.77626e-21)
(-0 -0 5.06865e-18)
(-0 -0 -1.26852e-17)
(-0 -0 2.0322e-17)
(-0 -0 -4.57669e-17)
(-0 -0 2.79927e-17)
(-0 -0 -1.27326e-17)
(-0 -0 1.78419e-17)
(-0 -0 0)
(-0 -0 -7.65718e-18)
(-0 -0 1.02254e-17)
(-0 -0 -4.09422e-17)
(-0 -0 -2.56143e-18)
(-0 -0 3.58939e-17)
(-0 -0 7.70461e-18)
(-0 -0 -3.59481e-17)
(-0 -0 -7.71139e-18)
(-0 -0 4.8884e-17)
(-0 -0 -5.15674e-18)
(-0 -0 5.14996e-18)
(-0 -0 2.57498e-18)
(-0 -0 -1.55041e-17)
(-0 -0 -1.80994e-17)
(-0 -0 4.65733e-17)
(-0 -0 6.77626e-21)
(-0 -0 -1.2963e-17)
(-0 -0 -3.37322e-17)
(-0 -0 5.19739e-18)
(-0 -0 -2.60005e-17)
(-0 -0 5.20485e-17)
(-0 -0 -5.21772e-18)
(-0 -0 5.21772e-18)
(-0 -0 1.82553e-17)
(-0 -0 -2.61089e-17)
(-0 -0 -2.6136e-17)
(-0 -0 1.56871e-17)
(-0 -0 -5.23805e-18)
(-0 -0 -2.62241e-18)
(-0 -0 -5.2516e-18)
(-0 -0 7.87402e-18)
(-0 -0 -2.102e-17)
(-0 -0 4.73796e-17)
(-0 -0 -2.63258e-17)
(-0 -0 1.05371e-17)
(-0 -0 -1.84789e-17)
(-0 -0 4.22636e-17)
(-0 -0 -5.2882e-17)
(-0 -0 2.1169e-17)
(-0 -0 1.32544e-17)
(-0 -0 -1.85602e-17)
(-0 -0 -1.0632e-17)
(-0 -0 3.45318e-17)
(-0 -0 -5.32614e-18)
(-0 -0 -1.86212e-17)
(-0 -0 -7.98921e-18)
(-0 -0 -8.00954e-18)
(-0 -0 1.60123e-17)
(-0 -0 -5.34647e-18)
(-0 -0 2.13859e-17)
(-0 -0 2.67662e-18)
(-0 -0 2.14469e-17)
(-0 -0 -4.29005e-17)
(-0 -0 -1.3417e-17)
(-0 -0 1.87974e-17)
(-0 -0 -1.61343e-17)
(-0 -0 4.44184e-17)
(-0 -0 -5.25364e-17)
(-0 -0 0)
(-0 -0 4.04882e-17)
(-0 -0 -2.0261e-17)
(-0 -0 3.24515e-17)
(-0 -0 -1.48942e-17)
(-0 -0 3.65715e-17)
(-0 -0 -1.35593e-17)
(-0 -0 -4.20806e-17)
(-0 -0 3.39626e-17)
(-0 -0 -1.49484e-17)
(-0 -0 -5.44134e-18)
(-0 -0 1.77199e-17)
(-0 -0 1.2265e-17)
(-0 -0 3.00188e-17)
(-0 -0 -4.64513e-17)
(-0 -0 3.41795e-17)
(-0 -0 -5.47522e-17)
(-0 -0 4.38356e-17)
(-0 -0 -3.56567e-17)
(-0 -0 -1.64731e-17)
(-0 -0 -1.78622e-17)
(-0 -0 1.78826e-17)
(-0 -0 -5.5091e-18)
(-0 -0 2.75387e-17)
(-0 -0 -3.99935e-17)
(-0 -0 6.62651e-17)
(-0 -0 -5.11269e-17)
(-0 -0 7.4688e-17)
(-0 -0 -6.50657e-17)
(-0 -0 1.38236e-18)
(-0 -0 1.52534e-17)
(-0 -0 -2.22126e-17)
(-0 -0 -1.11131e-17)
(-0 -0 3.06016e-17)
(-0 -0 6.95245e-18)
(-0 -0 -1.81062e-17)
(-0 -0 9.75104e-18)
(-0 -0 2.79182e-17)
(-0 -0 5.59719e-18)
(-0 -0 -2.51806e-17)
(-0 -0 -1.12012e-17)
(-0 -0 -9.81203e-18)
(-0 -0 9.81881e-18)
(-0 -0 2.79182e-18)
(-0 -0 -2.5289e-17)
(-0 -0 5.48539e-17)
(-0 -0 -7.03918e-17)
(-0 -0 3.5223e-17)
(-0 -0 -1.40946e-18)
(-0 -0 -3.81097e-17)
(-0 -0 1.41353e-17)
(-0 -0 4.66817e-17)
(-0 -0 4.24194e-18)
(-0 -0 -4.39305e-17)
(-0 -0 6.38121e-17)
(-0 -0 5.67851e-18)
(-0 -0 -4.26295e-17)
(-0 -0 -5.69884e-18)
(-0 -0 -2.84603e-17)
(-0 -0 2.85958e-18)
(-0 -0 2.28225e-17)
(-0 -0 -2.42658e-17)
(-0 -0 5.71646e-17)
(-0 -0 -4.43371e-17)
(-0 -0 6.77626e-21)
(-0 -0 5.15809e-17)
(-0 -0 -4.73186e-17)
(-0 -0 6.60279e-17)
(-0 -0 -4.59905e-17)
(-0 -0 -1.43792e-17)
(-0 -0 3.60023e-17)
(-0 -0 4.32326e-18)
(-0 -0 1.29765e-17)
(-0 -0 -3.17671e-17)
(-0 -0 2.16773e-17)
(-0 -0 -4.91889e-17)
(-0 -0 4.34494e-17)
(-0 -0 -2.31884e-17)
(-0 -0 -3.04661e-17)
(-0 -0 1.01712e-17)
(-0 -0 5.80726e-18)
(-0 -0 6.77626e-21)
(-0 -0 1.45622e-17)
(-0 -0 6.77626e-21)
(-0 -0 -5.69003e-17)
(-0 -0 7.88418e-17)
(-0 -0 -2.77691e-17)
(-0 -0 -4.09693e-17)
(-0 -0 1.90481e-17)
(-0 -0 2.0505e-17)
(-0 -0 -2.93344e-17)
(-0 -0 6.75458e-17)
(-0 -0 -7.20181e-17)
(-0 -0 3.82588e-17)
(-0 -0 1.32408e-17)
(-0 -0 -1.62156e-17)
(-0 -0 1.47723e-18)
(-0 -0 4.28192e-17)
(-0 -0 -3.25193e-17)
(-0 -0 -3.10759e-17)
(-0 -0 1.77606e-17)
(-0 -0 2.81689e-17)
(-0 -0 -1.63172e-17)
(-0 -0 -2.22736e-17)
(-0 -0 3.41862e-17)
(-0 -0 -7.7351e-17)
(-0 -0 3.5738e-17)
(-0 -0 2.83248e-17)
(-0 -0 -1.64189e-17)
(-0 -0 -2.38931e-17)
(-0 -0 1.64324e-17)
(-0 -0 -1.49417e-17)
(-0 -0 3.89432e-17)
(-0 -0 -3.14757e-17)
(-0 -0 1.35051e-17)
(-0 -0 1.50298e-17)
(-0 -0 -2.10471e-17)
(-0 -0 -4.51299e-18)
(-0 -0 4.21687e-17)
(-0 -0 -5.72594e-17)
(-0 -0 2.33849e-17)
(-0 -0 -3.47284e-17)
(-0 -0 1.43521e-17)
(-0 -0 3.6314e-17)
(-0 -0 1.52466e-18)
(-0 -0 1.13706e-17)
(-0 -0 -3.03577e-18)
(-0 -0 -1.21498e-17)
(-0 -0 2.12707e-17)
(-0 -0 -4.56314e-17)
(-0 -0 1.51111e-18)
(-0 -0 3.81097e-17)
(-0 -0 -2.7471e-17)
(-0 -0 1.45148e-17)
(-0 -0 -4.66342e-17)
(-0 -0 8.72241e-17)
(-0 -0 -1.83772e-17)
(-0 -0 3.83537e-18)
(-0 -0 -9.22249e-18)
(-0 -0 -9.98821e-18)
(-0 -0 -1.46028e-17)
(-0 -0 -7.15438e-17)
(-0 -0 3.23499e-17)
(-0 -0 4.31716e-17)
(-0 -0 -8.49066e-18)
(-0 -0 7.73849e-18)
(-0 -0 2.86162e-17)
(-0 -0 -3.0832e-18)
(-0 -0 -2.86568e-17)
(-0 -0 -2.63461e-17)
(-0 -0 2.2504e-17)
(-0 -0 6.13591e-17)
(-0 -0 -3.80894e-17)
(-0 -0 -4.43439e-17)
(-0 -0 1.32408e-17)
(-0 -0 -3.11708e-17)
(-0 -0 3.19907e-17)
(-0 -0 5.38781e-17)
(-0 -0 -1.79707e-17)
(-0 -0 -2.58243e-17)
(-0 -0 7.82658e-18)
(-0 -0 3.29123e-17)
(-0 -0 -8.63296e-18)
(-0 -0 -4.31919e-17)
(-0 -0 3.15096e-18)
(-0 -0 2.36492e-18)
(-0 -0 -1.41692e-17)
(-0 -0 1.26174e-17)
(-0 -0 2.36763e-17)
(-0 -0 -2.60683e-17)
(-0 -0 6.31548e-18)
(-0 -0 2.92802e-17)
(-0 -0 -7.935e-18)
(-0 -0 -3.4891e-17)
(-0 -0 3.65037e-17)
(-0 -0 -1.90616e-17)
(-0 -0 1.67035e-17)
(-0 -0 -8.74138e-18)
(-0 -0 -2.62851e-17)
(-0 -0 2.54923e-17)
(-0 -0 -6.54384e-17)
(-0 -0 5.67105e-17)
(-0 -0 2.55872e-17)
(-0 -0 -5.56128e-17)
(-0 -0 6.20909e-17)
(-0 -0 -1.16213e-17)
(-0 -0 -1.04422e-17)
(-0 -0 -2.6895e-17)
(-0 -0 1.80926e-17)
(-0 -0 -5.55179e-17)
(-0 -0 2.77962e-17)
(-0 -0 2.94225e-17)
(-0 -0 -1.04897e-17)
(-0 -0 4.20128e-17)
(-0 -0 -4.64919e-17)
(-0 -0 1.9021e-17)
(-0 -0 1.09437e-17)
(-0 -0 1.05439e-17)
(-0 -0 -1.94818e-17)
(-0 -0 -4.34697e-17)
(-0 -0 6.29989e-17)
(-0 -0 -3.53992e-17)
(-0 -0 -3.13605e-17)
(-0 -0 4.81047e-17)
(-0 -0 3.06152e-17)
(-0 -0 -1.75709e-17)
(-0 -0 -5.7395e-18)
(-0 -0 -3.35561e-17)
(-0 -0 1.55651e-17)
(-0 -0 4.71628e-17)
(-0 -0 -7.05816e-17)
(-0 -0 5.99496e-17)
(-0 -0 1.06929e-17)
(-0 -0 -5.51452e-17)
(-0 -0 2.55465e-17)
(-0 -0 2.76201e-17)
(-0 -0 -8.78949e-17)
(-0 -0 6.67123e-17)
(-0 -0 -5.39594e-17)
(-0 -0 2.13113e-17)
(-0 -0 3.6646e-17)
(-0 -0 -1.25361e-18)
(-0 -0 -2.28292e-17)
(-0 -0 3.05338e-17)
(-0 -0 -3.76354e-17)
(-0 -0 -8.74138e-18)
(-0 -0 -4.56043e-17)
(-0 -0 4.77523e-17)
(-0 -0 -2.81825e-17)
(-0 -0 3.54399e-18)
(-0 -0 1.79774e-17)
(-0 -0 -1.04693e-17)
(-0 -0 1.8838e-18)
(-0 -0 7.73646e-17)
(-0 -0 -1.82553e-17)
(-0 -0 2.48824e-17)
(-0 -0 -1.06184e-17)
(-0 -0 -1.68051e-18)
(-0 -0 -2.21109e-17)
(-0 -0 -5.06187e-18)
(-0 -0 -1.6568e-17)
(-0 -0 -2.97952e-17)
(-0 -0 -4.74338e-18)
(-0 -0 2.36898e-17)
(-0 -0 -1.13773e-17)
(-0 -0 -2.51738e-17)
(-0 -0 6.34597e-17)
(-0 -0 1.72049e-17)
(-0 -0 -7.17606e-18)
(-0 -0 -3.24312e-17)
(-0 -0 -2.27818e-17)
(-0 -0 8.01632e-18)
)
;

boundaryField
{
    bottom
    {
        type            calculated;
        value           uniform (-0 -0 -2.11758e-21);
    }
    top
    {
        type            calculated;
        value           uniform (-0 -0 3.28039e-17);
    }
    sidesX
    {
        type            empty;
    }
    sidesY
    {
        type            empty;
    }
}


// ************************************************************************* //
