/*--------------------------------*- C++ -*----------------------------------*\
| =========                 |                                                 |
| \\      /  F ield         | OpenFOAM: The Open Source CFD Toolbox           |
|  \\    /   O peration     | Version:  v2012                                 |
|   \\  /    A nd           | Website:  www.openfoam.com                      |
|    \\/     M anipulation  |                                                 |
\*---------------------------------------------------------------------------*/
FoamFile
{
    version     2.0;
    format      ascii;
    class       volVectorField;
    location    "49";
    object      Nb;
}
// * * * * * * * * * * * * * * * * * * * * * * * * * * * * * * * * * * * * * //

dimensions      [1 -2 -1 0 0 0 0];


internalField   nonuniform List<vector> 
3200
(
(-0 -0 -3.41354e-19)
(-0 -0 -1.02364e-18)
(-0 -0 2.56397e-18)
(-0 -0 -3.59015e-18)
(-0 -0 3.08405e-18)
(-0 -0 -1.71355e-18)
(-0 -0 -1.37092e-18)
(-0 -0 1.02787e-18)
(-0 -0 1.70254e-19)
(-0 -0 3.6109e-18)
(-0 -0 -3.44065e-18)
(-0 -0 1.38024e-18)
(-0 -0 -2.58938e-18)
(-0 -0 1.72668e-18)
(-0 -0 1.90244e-18)
(-0 -0 -2.59446e-18)
(-0 -0 3.46436e-19)
(-0 -0 1.56151e-18)
(-0 -0 -2.25734e-18)
(-0 -0 -8.65668e-19)
(-0 -0 1.91345e-18)
(-0 -0 2.78377e-18)
(-0 -0 -3.48469e-18)
(-0 -0 -5.23043e-19)
(-0 -0 4.01197e-18)
(-0 -0 -2.26793e-18)
(-0 -0 -3.49486e-18)
(-0 -0 3.84807e-18)
(-0 -0 1.75759e-19)
(-0 -0 -2.28106e-18)
(-0 -0 1.40057e-18)
(-0 -0 -1.2265e-18)
(-0 -0 -1.75971e-18)
(-0 -0 2.5411e-21)
(-0 -0 3.16621e-18)
(-0 -0 1.74065e-19)
(-0 -0 1.75759e-19)
(-0 -0 -3.55754e-19)
(-0 -0 -1.23455e-18)
(-0 -0 -1.06218e-18)
(-0 -0 3.53975e-18)
(-0 -0 -4.61125e-18)
(-0 -0 1.77411e-18)
(-0 -0 2.84349e-18)
(-0 -0 -3.37712e-18)
(-0 -0 3.57024e-19)
(-0 -0 -1.79571e-19)
(-0 -0 8.88538e-19)
(-0 -0 7.11931e-19)
(-0 -0 -1.25107e-18)
(-0 -0 8.93196e-19)
(-0 -0 7.18707e-19)
(-0 -0 -2.86297e-18)
(-0 -0 2.86678e-18)
(-0 -0 -3.59142e-19)
(-0 -0 -8.97431e-19)
(-0 -0 8.98702e-19)
(-0 -0 1.79571e-19)
(-0 -0 1.07827e-18)
(-0 -0 4.23516e-22)
(-0 -0 1.62164e-18)
(-0 -0 -7.20825e-19)
(-0 -0 -3.79725e-18)
(-0 -0 1.63054e-18)
(-0 -0 -1.0842e-18)
(-0 -0 1.08547e-18)
(-0 -0 -9.05055e-19)
(-0 -0 1.69407e-21)
(-0 -0 1.08759e-18)
(-0 -0 7.30142e-19)
(-0 -0 -2.1845e-18)
(-0 -0 -2.00493e-18)
(-0 -0 3.28606e-18)
(-0 -0 1.64324e-18)
(-0 -0 -2.74396e-18)
(-0 -0 1.4641e-18)
(-0 -0 -1.46833e-18)
(-0 -0 7.35225e-19)
(-0 -0 1.28114e-18)
(-0 -0 -3.69306e-19)
(-0 -0 -1.65764e-18)
(-0 -0 1.47045e-18)
(-0 -0 -3.31275e-18)
(-0 -0 4.24279e-18)
(-0 -0 1.47807e-18)
(-0 -0 -5.54383e-19)
(-0 -0 1.84653e-19)
(-0 -0 -4.99622e-18)
(-0 -0 1.85373e-18)
(-0 -0 2.78335e-18)
(-0 -0 -2.22516e-18)
(-0 -0 3.15816e-18)
(-0 -0 -3.71636e-18)
(-0 -0 1.11597e-18)
(-0 -0 1.83383e-19)
(-0 -0 -1.86474e-18)
(-0 -0 1.30443e-18)
(-0 -0 1.6784e-18)
(-0 -0 -2.98876e-18)
(-0 -0 2.05702e-18)
(-0 -0 1.855e-19)
(-0 -0 -3.7693e-19)
(-0 -0 -9.37242e-19)
(-0 -0 7.54706e-19)
(-0 -0 -1.12825e-18)
(-0 -0 3.7676e-18)
(-0 -0 -4.52019e-18)
(-0 -0 4.524e-18)
(-0 -0 -1.32264e-18)
(-0 -0 -1.88804e-18)
(-0 -0 7.55977e-19)
(-0 -0 -1.88973e-18)
(-0 -0 -3.76083e-19)
(-0 -0 -7.60212e-19)
(-0 -0 2.46825e-18)
(-0 -0 -9.51642e-19)
(-0 -0 1.90032e-18)
(-0 -0 -2.28191e-18)
(-0 -0 1.90582e-19)
(-0 -0 5.71747e-19)
(-0 -0 -1.14349e-18)
(-0 -0 1.52805e-18)
(-0 -0 1.72202e-18)
(-0 -0 -3.63631e-18)
(-0 -0 4.78912e-18)
(-0 -0 -4.4105e-18)
(-0 -0 1.92022e-18)
(-0 -0 1.53567e-18)
(-0 -0 -1.34339e-18)
(-0 -0 -3.83706e-19)
(-0 -0 9.60535e-19)
(-0 -0 9.64771e-19)
(-0 -0 -2.51061e-18)
(-0 -0 1.93124e-19)
(-0 -0 -1.93208e-18)
(-0 -0 2.90532e-18)
(-0 -0 -1.93801e-18)
(-0 -0 1.92276e-19)
(-0 -0 7.7927e-19)
(-0 -0 -2.5411e-21)
(-0 -0 1.36288e-18)
(-0 -0 -2.5411e-21)
(-0 -0 -3.89635e-19)
(-0 -0 -1.93124e-19)
(-0 -0 -1.56362e-18)
(-0 -0 7.7927e-19)
(-0 -0 -3.91329e-19)
(-0 -0 7.852e-19)
(-0 -0 5.853e-19)
(-0 -0 -2.55296e-18)
(-0 -0 3.33985e-18)
(-0 -0 7.88588e-19)
(-0 -0 -1.57209e-18)
(-0 -0 -9.85099e-19)
(-0 -0 1.57548e-18)
(-0 -0 -2.56651e-18)
(-0 -0 1.999e-19)
(-0 -0 1.18415e-18)
(-0 -0 -9.88487e-19)
(-0 -0 2.37932e-18)
(-0 -0 -9.90182e-19)
(-0 -0 2.38016e-18)
(-0 -0 -4.1691e-18)
(-0 -0 9.95264e-19)
(-0 -0 2.38694e-18)
(-0 -0 -4.77811e-18)
(-0 -0 2.78674e-18)
(-0 -0 -6.00546e-19)
(-0 -0 1.79656e-18)
(-0 -0 1.3976e-18)
(-0 -0 -7.99599e-19)
(-0 -0 -8.0214e-19)
(-0 -0 -1.20279e-18)
(-0 -0 2.40811e-18)
(-0 -0 -3.61683e-18)
(-0 -0 2.0117e-18)
(-0 -0 -2.02441e-19)
(-0 -0 -1.00882e-18)
(-0 -0 2.21753e-18)
(-0 -0 -1.69407e-21)
(-0 -0 -6.0817e-19)
(-0 -0 -1.61614e-18)
(-0 -0 1.61783e-18)
(-0 -0 -2.43098e-18)
(-0 -0 3.85315e-18)
(-0 -0 -2.8401e-18)
(-0 -0 -1.62546e-18)
(-0 -0 -8.47033e-22)
(-0 -0 3.25515e-18)
(-0 -0 -2.5411e-21)
(-0 -0 1.21973e-18)
(-0 -0 -2.44793e-18)
(-0 -0 1.22735e-18)
(-0 -0 -8.19081e-19)
(-0 -0 1.23074e-18)
(-0 -0 -2.45809e-18)
(-0 -0 1.22735e-18)
(-0 -0 4.07423e-19)
(-0 -0 -2.87398e-18)
(-0 -0 2.05405e-18)
(-0 -0 -2.05914e-18)
(-0 -0 1.23752e-18)
(-0 -0 3.29919e-18)
(-0 -0 -5.77676e-18)
(-0 -0 4.13183e-18)
(-0 -0 -2.06422e-18)
(-0 -0 8.47033e-22)
(-0 -0 4.14284e-18)
(-0 -0 -2.48858e-18)
(-0 -0 -2.90617e-18)
(-0 -0 2.90871e-18)
(-0 -0 -8.47033e-22)
(-0 -0 1.66188e-18)
(-0 -0 -2.91295e-18)
(-0 -0 3.74981e-18)
(-0 -0 -2.50298e-18)
(-0 -0 -1.66865e-18)
(-0 -0 2.92565e-18)
(-0 -0 -2.92904e-18)
(-0 -0 2.09641e-18)
(-0 -0 -8.36869e-19)
(-0 -0 -2.09641e-18)
(-0 -0 2.9392e-18)
(-0 -0 -2.09979e-18)
(-0 -0 -4.24364e-19)
(-0 -0 0)
(-0 -0 1.6856e-18)
(-0 -0 8.47033e-22)
(-0 -0 -2.53348e-18)
(-0 -0 2.11419e-18)
(-0 -0 1.69237e-18)
(-0 -0 4.24364e-19)
(-0 -0 8.49574e-19)
(-0 -0 -2.97139e-18)
(-0 -0 2.1269e-18)
(-0 -0 -2.12944e-18)
(-0 -0 2.12521e-18)
(-0 -0 1.27563e-18)
(-0 -0 -5.11777e-18)
(-0 -0 1.28071e-18)
(-0 -0 -1.71016e-18)
(-0 -0 8.57197e-19)
(-0 -0 8.47033e-22)
(-0 -0 -1.71016e-18)
(-0 -0 2.99765e-18)
(-0 -0 -1.28664e-18)
(-0 -0 4.29615e-18)
(-0 -0 -1.29173e-18)
(-0 -0 -4.32834e-19)
(-0 -0 1.7271e-18)
(-0 -0 -2.15316e-18)
(-0 -0 0)
(-0 -0 -3.45844e-18)
(-0 -0 2.16332e-18)
(-0 -0 2.16502e-18)
(-0 -0 -3.46436e-18)
(-0 -0 2.16925e-18)
(-0 -0 2.5411e-21)
(-0 -0 -8.69056e-19)
(-0 -0 2.17264e-18)
(-0 -0 4.33681e-19)
(-0 -0 -3.04762e-18)
(-0 -0 4.36222e-19)
(-0 -0 4.35375e-19)
(-0 -0 1.31205e-18)
(-0 -0 -4.38763e-19)
(-0 -0 8.7922e-19)
(-0 -0 -1.31205e-18)
(-0 -0 1.31714e-18)
(-0 -0 -1.31629e-18)
(-0 -0 -4.37916e-19)
(-0 -0 -4.3961e-19)
(-0 -0 2.20059e-18)
(-0 -0 1.32137e-18)
(-0 -0 -3.96666e-18)
(-0 -0 8.82608e-19)
(-0 -0 -2.20991e-18)
(-0 -0 1.76691e-18)
(-0 -0 1.7686e-18)
(-0 -0 -8.87691e-19)
(-0 -0 2.21584e-18)
(-0 -0 -3.54992e-18)
(-0 -0 -1.69407e-21)
(-0 -0 2.22346e-18)
(-0 -0 -1.783e-18)
(-0 -0 3.56262e-18)
(-0 -0 -4.01578e-18)
(-0 -0 -4.4808e-19)
(-0 -0 3.57194e-18)
(-0 -0 -4.47233e-19)
(-0 -0 1.78893e-18)
(-0 -0 -1.34255e-18)
(-0 -0 -8.96161e-19)
(-0 -0 -8.47033e-22)
(-0 -0 -3.59227e-18)
(-0 -0 -4.50622e-19)
(-0 -0 8.47033e-22)
(-0 -0 2.2548e-18)
(-0 -0 4.48927e-19)
(-0 -0 -2.25734e-18)
(-0 -0 1.35695e-18)
(-0 -0 1.35779e-18)
(-0 -0 -1.80757e-18)
(-0 -0 -9.03784e-19)
(-0 -0 1.81434e-18)
(-0 -0 -9.08019e-19)
(-0 -0 4.54857e-19)
(-0 -0 4.56551e-19)
(-0 -0 4.5401e-19)
(-0 -0 -9.1056e-19)
(-0 -0 1.69407e-21)
(-0 -0 4.56212e-18)
(-0 -0 -4.56551e-19)
(-0 -0 -5.48877e-18)
(-0 -0 9.15643e-19)
(-0 -0 2.74608e-18)
(-0 -0 -2.29292e-18)
(-0 -0 3.38813e-21)
(-0 -0 3.67443e-18)
(-0 -0 4.59939e-19)
(-0 -0 -2.75879e-18)
(-0 -0 -1.69407e-21)
(-0 -0 -1.38575e-18)
(-0 -0 4.63327e-19)
(-0 -0 2.5411e-21)
(-0 -0 4.63327e-19)
(-0 -0 1.84992e-18)
(-0 -0 -4.6248e-19)
(-0 -0 -3.24329e-18)
(-0 -0 1.85754e-18)
(-0 -0 4.6248e-19)
(-0 -0 -9.34277e-19)
(-0 -0 1.86093e-18)
(-0 -0 -1.3993e-18)
(-0 -0 -1.3993e-18)
(-0 -0 2.33188e-18)
(-0 -0 1.40015e-18)
(-0 -0 -9.35124e-19)
(-0 -0 -2.5411e-21)
(-0 -0 -9.35971e-19)
(-0 -0 4.67562e-19)
(-0 -0 -3.75405e-18)
(-0 -0 9.37665e-19)
(-0 -0 1.87872e-18)
(-0 -0 -8.47033e-22)
(-0 -0 -1.41709e-18)
(-0 -0 1.88719e-18)
(-0 -0 -1.41624e-18)
(-0 -0 2.83587e-18)
(-0 -0 -4.76033e-19)
(-0 -0 2.83925e-18)
(-0 -0 -3.31698e-18)
(-0 -0 1.89905e-18)
(-0 -0 -4.27498e-18)
(-0 -0 3.3263e-18)
(-0 -0 -4.7688e-19)
(-0 -0 4.74338e-19)
(-0 -0 -2.5411e-21)
(-0 -0 -2.38863e-18)
(-0 -0 -9.563e-19)
(-0 -0 1.43403e-18)
(-0 -0 -9.57147e-19)
(-0 -0 -9.57147e-19)
(-0 -0 3.35594e-18)
(-0 -0 9.61382e-19)
(-0 -0 -9.63076e-19)
(-0 -0 -4.79421e-19)
(-0 -0 -1.44504e-18)
(-0 -0 1.92361e-18)
(-0 -0 -4.3402e-18)
(-0 -0 2.89685e-18)
(-0 -0 4.80268e-19)
(-0 -0 -9.64771e-19)
(-0 -0 1.44843e-18)
(-0 -0 -8.47033e-22)
(-0 -0 -9.69006e-19)
(-0 -0 -4.88738e-19)
(-0 -0 3.8828e-18)
(-0 -0 -2.43268e-18)
(-0 -0 9.74935e-19)
(-0 -0 -2.92396e-18)
(-0 -0 9.74088e-19)
(-0 -0 2.5411e-21)
(-0 -0 -1.46367e-18)
(-0 -0 3.38813e-21)
(-0 -0 -2.5411e-21)
(-0 -0 1.96003e-18)
(-0 -0 -9.80017e-19)
(-0 -0 -3.43557e-18)
(-0 -0 6.38493e-18)
(-0 -0 -3.44404e-18)
(-0 -0 1.96512e-18)
(-0 -0 -3.44912e-18)
(-0 -0 -9.85099e-19)
(-0 -0 1.97105e-18)
(-0 -0 1.48231e-18)
(-0 -0 -4.92126e-19)
(-0 -0 9.89334e-19)
(-0 -0 -3.38813e-21)
(-0 -0 -2.97732e-18)
(-0 -0 6.94652e-18)
(-0 -0 -3.47453e-18)
(-0 -0 -2.48435e-18)
(-0 -0 1.99222e-18)
(-0 -0 -3.38813e-21)
(-0 -0 -3.49147e-18)
(-0 -0 4.97208e-19)
(-0 -0 3.99461e-18)
(-0 -0 1.50179e-18)
(-0 -0 -3.50333e-18)
(-0 -0 -4.99749e-19)
(-0 -0 3.00951e-18)
(-0 -0 -1.50518e-18)
(-0 -0 1.00458e-18)
(-0 -0 -2.51399e-18)
(-0 -0 3.01544e-18)
(-0 -0 1.51111e-18)
(-0 -0 -5.54468e-18)
(-0 -0 5.04662e-18)
(-0 -0 -1.00797e-18)
(-0 -0 -3.5406e-18)
(-0 -0 3.5389e-18)
(-0 -0 5.04832e-19)
(-0 -0 -3.04254e-18)
(-0 -0 5.09914e-19)
(-0 -0 -5.0822e-19)
(-0 -0 1.52635e-18)
(-0 -0 -1.01644e-18)
(-0 -0 4.07253e-18)
(-0 -0 -6.11727e-18)
(-0 -0 0)
(-0 -0 4.59431e-18)
(-0 -0 -1.69407e-21)
(-0 -0 -3.07304e-18)
(-0 -0 2.56143e-18)
(-0 -0 -1.53652e-18)
(-0 -0 -2.05321e-18)
(-0 -0 2.0549e-18)
(-0 -0 -2.5699e-18)
(-0 -0 0)
(-0 -0 1.54838e-18)
(-0 -0 1.69407e-21)
(-0 -0 4.13013e-18)
(-0 -0 -5.6819e-18)
(-0 -0 4.13183e-18)
(-0 -0 -3.10183e-18)
(-0 -0 -5.1669e-19)
(-0 -0 5.18554e-18)
(-0 -0 -5.18384e-19)
(-0 -0 0)
(-0 -0 -2.60378e-18)
(-0 -0 -1.56023e-18)
(-0 -0 2.0837e-18)
(-0 -0 2.08709e-18)
(-0 -0 5.23466e-19)
(-0 -0 -1.04863e-18)
(-0 -0 -1.04693e-18)
(-0 -0 -1.5704e-18)
(-0 -0 1.57209e-18)
(-0 -0 1.57548e-18)
(-0 -0 -3.14927e-18)
(-0 -0 -1.57548e-18)
(-0 -0 5.26854e-19)
(-0 -0 3.68459e-18)
(-0 -0 5.26854e-19)
(-0 -0 -2.63766e-18)
(-0 -0 2.63766e-18)
(-0 -0 -3.69984e-18)
(-0 -0 2.64613e-18)
(-0 -0 -2.64444e-18)
(-0 -0 -5.2516e-19)
(-0 -0 -5.31937e-19)
(-0 -0 2.6546e-18)
(-0 -0 1.06387e-18)
(-0 -0 -2.6563e-18)
(-0 -0 -1.06726e-18)
(-0 -0 2.13113e-18)
(-0 -0 -1.06557e-18)
(-0 -0 1.06896e-18)
(-0 -0 1.60259e-18)
(-0 -0 -2.67324e-18)
(-0 -0 2.14299e-18)
(-0 -0 -1.07065e-18)
(-0 -0 1.07404e-18)
(-0 -0 -2.68679e-18)
(-0 -0 1.07573e-18)
(-0 -0 2.15146e-18)
(-0 -0 -4.30632e-18)
(-0 -0 3.23058e-18)
(-0 -0 2.15993e-18)
(-0 -0 -4.85689e-18)
(-0 -0 5.42101e-19)
(-0 -0 2.16332e-18)
(-0 -0 -5.42101e-19)
(-0 -0 1.08759e-18)
(-0 -0 -1.628e-18)
(-0 -0 -5.43795e-19)
(-0 -0 1.69407e-21)
(-0 -0 -5.40407e-19)
(-0 -0 1.09098e-18)
(-0 -0 1.09098e-18)
(-0 -0 5.45489e-19)
(-0 -0 -2.18535e-18)
(-0 -0 -5.47183e-19)
(-0 -0 -1.08928e-18)
(-0 -0 2.7393e-18)
(-0 -0 -2.741e-18)
(-0 -0 0)
(-0 -0 0)
(-0 -0 1.09606e-18)
(-0 -0 2.20567e-18)
(-0 -0 -1.10453e-18)
(-0 -0 1.69407e-21)
(-0 -0 1.69407e-21)
(-0 -0 3.38813e-21)
(-0 -0 1.10284e-18)
(-0 -0 -2.21414e-18)
(-0 -0 3.32037e-18)
(-0 -0 -1.10623e-18)
(-0 -0 1.10961e-18)
(-0 -0 -3.33223e-18)
(-0 -0 1.69407e-21)
(-0 -0 -1.1147e-18)
(-0 -0 4.45201e-18)
(-0 -0 -1.11639e-18)
(-0 -0 -1.11131e-18)
(-0 -0 2.23278e-18)
(-0 -0 -3.35425e-18)
(-0 -0 0)
(-0 -0 2.23786e-18)
(-0 -0 -1.11978e-18)
(-0 -0 -2.24125e-18)
(-0 -0 2.24803e-18)
(-0 -0 -1.12317e-18)
(-0 -0 1.12317e-18)
(-0 -0 2.2548e-18)
(-0 -0 -1.12655e-18)
(-0 -0 0)
(-0 -0 2.25819e-18)
(-0 -0 -3.38644e-18)
(-0 -0 -2.26327e-18)
(-0 -0 3.40168e-18)
(-0 -0 -4.53501e-18)
(-0 -0 3.40338e-18)
(-0 -0 -1.69407e-21)
(-0 -0 3.40677e-18)
(-0 -0 -2.27513e-18)
(-0 -0 0)
(-0 -0 -1.13672e-18)
(-0 -0 -1.13841e-18)
(-0 -0 2.28529e-18)
(-0 -0 1.14519e-18)
(-0 -0 -1.14349e-18)
(-0 -0 -1.14519e-18)
(-0 -0 -1.15027e-18)
(-0 -0 3.44065e-18)
(-0 -0 1.14519e-18)
(-0 -0 -3.44404e-18)
(-0 -0 -2.29885e-18)
(-0 -0 2.30393e-18)
(-0 -0 2.30732e-18)
(-0 -0 -3.46436e-18)
(-0 -0 1.15366e-18)
(-0 -0 3.38813e-21)
(-0 -0 -1.69407e-21)
(-0 -0 -1.16044e-18)
(-0 -0 3.48131e-18)
(-0 -0 -1.16044e-18)
(-0 -0 0)
(-0 -0 -2.32087e-18)
(-0 -0 2.32765e-18)
(-0 -0 -2.32934e-18)
(-0 -0 0)
(-0 -0 4.66885e-18)
(-0 -0 -4.67054e-18)
(-0 -0 1.1706e-18)
(-0 -0 2.33612e-18)
(-0 -0 0)
(-0 -0 -2.34289e-18)
(-0 -0 3.38813e-21)
(-0 -0 -1.69407e-21)
(-0 -0 -1.69407e-21)
(-0 -0 1.17399e-18)
(-0 -0 -3.53552e-18)
(-0 -0 4.71459e-18)
(-0 -0 -2.36153e-18)
(-0 -0 1.18246e-18)
(-0 -0 -1.18415e-18)
(-0 -0 -2.37e-18)
(-0 -0 2.36492e-18)
(-0 -0 -1.18585e-18)
(-0 -0 2.37169e-18)
(-0 -0 0)
(-0 -0 1.18923e-18)
(-0 -0 0)
(-0 -0 -2.38186e-18)
(-0 -0 -3.38813e-21)
(-0 -0 2.38524e-18)
(-0 -0 -3.57956e-18)
(-0 -0 1.69407e-21)
(-0 -0 -3.38813e-21)
(-0 -0 -1.19601e-18)
(-0 -0 2.40049e-18)
(-0 -0 -2.3971e-18)
(-0 -0 2.40388e-18)
(-0 -0 2.40727e-18)
(-0 -0 -2.40557e-18)
(-0 -0 4.81623e-18)
(-0 -0 -3.61852e-18)
(-0 -0 -2.41066e-18)
(-0 -0 1.20787e-18)
(-0 -0 -3.38813e-21)
(-0 -0 1.20956e-18)
(-0 -0 -2.42082e-18)
(-0 -0 1.21295e-18)
(-0 -0 -1.21126e-18)
(-0 -0 3.64732e-18)
(-0 -0 -4.86028e-18)
(-0 -0 3.6541e-18)
(-0 -0 -2.43437e-18)
(-0 -0 1.21803e-18)
(-0 -0 3.38813e-21)
(-0 -0 -1.22481e-18)
(-0 -0 6.11388e-18)
(-0 -0 -4.89246e-18)
(-0 -0 1.2282e-18)
(-0 -0 -1.2282e-18)
(-0 -0 1.69407e-21)
(-0 -0 0)
(-0 -0 2.45809e-18)
(-0 -0 0)
(-0 -0 -3.69645e-18)
(-0 -0 -1.22989e-18)
(-0 -0 1.23667e-18)
(-0 -0 -1.69407e-21)
(-0 -0 3.38813e-21)
(-0 -0 3.7117e-18)
(-0 -0 -1.23836e-18)
(-0 -0 -2.48011e-18)
(-0 -0 1.24344e-18)
(-0 -0 1.24006e-18)
(-0 -0 0)
(-0 -0 -2.48858e-18)
(-0 -0 0)
(-0 -0 4.99072e-18)
(-0 -0 -3.74389e-18)
(-0 -0 1.69407e-21)
(-0 -0 2.49705e-18)
(-0 -0 -3.75574e-18)
(-0 -0 2.50722e-18)
(-0 -0 2.50722e-18)
(-0 -0 -1.69407e-21)
(-0 -0 -3.7693e-18)
(-0 -0 -2.51569e-18)
(-0 -0 5.03307e-18)
(-0 -0 -5.04154e-18)
(-0 -0 3.78116e-18)
(-0 -0 -3.38813e-21)
(-0 -0 -1.25869e-18)
(-0 -0 -1.26377e-18)
(-0 -0 2.53093e-18)
(-0 -0 0)
(-0 -0 -3.80826e-18)
(-0 -0 6.35105e-18)
(-0 -0 -2.54279e-18)
(-0 -0 -5.08897e-18)
(-0 -0 1.27224e-18)
(-0 -0 2.54788e-18)
(-0 -0 -1.27902e-18)
(-0 -0 -1.27394e-18)
(-0 -0 -3.38813e-21)
(-0 -0 5.11438e-18)
(-0 -0 -3.84214e-18)
(-0 -0 3.84722e-18)
(-0 -0 -3.85231e-18)
(-0 -0 5.13471e-18)
(-0 -0 -2.56651e-18)
(-0 -0 1.28918e-18)
(-0 -0 -1.28918e-18)
(-0 -0 -1.69407e-21)
(-0 -0 0)
(-0 -0 -3.87094e-18)
(-0 -0 5.1686e-18)
(-0 -0 -2.58514e-18)
(-0 -0 -1.69407e-21)
(-0 -0 3.88788e-18)
(-0 -0 -1.29596e-18)
(-0 -0 0)
(-0 -0 -1.29935e-18)
(-0 -0 3.38813e-21)
(-0 -0 -3.90652e-18)
(-0 -0 5.21433e-18)
(-0 -0 -1.30443e-18)
(-0 -0 -3.91837e-18)
(-0 -0 1.30782e-18)
(-0 -0 3.92007e-18)
(-0 -0 -1.30782e-18)
(-0 -0 1.69407e-21)
(-0 -0 -3.93193e-18)
(-0 -0 3.9404e-18)
(-0 -0 -2.6258e-18)
(-0 -0 1.3146e-18)
(-0 -0 2.63088e-18)
(-0 -0 1.69407e-21)
(-0 -0 3.38813e-21)
(-0 -0 -3.95734e-18)
(-0 -0 2.64274e-18)
(-0 -0 -5.29226e-18)
(-0 -0 3.9675e-18)
(-0 -0 1.32476e-18)
(-0 -0 -1.32645e-18)
(-0 -0 1.32815e-18)
(-0 -0 -1.32984e-18)
(-0 -0 2.66307e-18)
(-0 -0 -6.65937e-18)
(-0 -0 7.99938e-18)
(-0 -0 -8.00446e-18)
(-0 -0 2.66985e-18)
(-0 -0 2.67154e-18)
(-0 -0 4.01324e-18)
(-0 -0 -5.35494e-18)
(-0 -0 -1.34001e-18)
(-0 -0 1.34339e-18)
(-0 -0 -1.69407e-21)
(-0 -0 0)
(-0 -0 1.69407e-21)
(-0 -0 -4.03696e-18)
(-0 -0 5.38882e-18)
(-0 -0 -1.34848e-18)
(-0 -0 -1.35186e-18)
(-0 -0 4.05729e-18)
(-0 -0 -4.06068e-18)
(-0 -0 5.41762e-18)
(-0 -0 -2.71051e-18)
(-0 -0 -1.35356e-18)
(-0 -0 -2.71389e-18)
(-0 -0 2.72067e-18)
(-0 -0 1.69407e-21)
(-0 -0 -1.69407e-21)
(-0 -0 4.08778e-18)
(-0 -0 -1.36542e-18)
(-0 -0 -1.36881e-18)
(-0 -0 1.36711e-18)
(-0 -0 -4.10303e-18)
(-0 -0 1.3705e-18)
(-0 -0 -1.69407e-21)
(-0 -0 -1.37219e-18)
(-0 -0 1.3705e-18)
(-0 -0 -1.37558e-18)
(-0 -0 5.50233e-18)
(-0 -0 -1.37219e-18)
(-0 -0 1.37558e-18)
(-0 -0 -4.1386e-18)
(-0 -0 2.76302e-18)
(-0 -0 -2.76133e-18)
(-0 -0 1.38066e-18)
(-0 -0 1.38066e-18)
(-0 -0 -4.15893e-18)
(-0 -0 2.77488e-18)
(-0 -0 -2.77657e-18)
(-0 -0 2.77827e-18)
(-0 -0 -2.77996e-18)
(-0 -0 -1.39422e-18)
(-0 -0 6.96939e-18)
(-0 -0 -1.39591e-18)
(-0 -0 3.38813e-21)
(-0 -0 -4.19281e-18)
(-0 -0 1.40269e-18)
(-0 -0 2.80198e-18)
(-0 -0 -1.3993e-18)
(-0 -0 -2.80368e-18)
(-0 -0 1.69407e-21)
(-0 -0 2.81215e-18)
(-0 -0 -5.62938e-18)
(-0 -0 5.63785e-18)
(-0 -0 1.41285e-18)
(-0 -0 -2.82062e-18)
(-0 -0 1.41455e-18)
(-0 -0 -1.41285e-18)
(-0 -0 -2.83078e-18)
(-0 -0 4.24872e-18)
(-0 -0 -1.42132e-18)
(-0 -0 1.41455e-18)
(-0 -0 -4.26058e-18)
(-0 -0 4.27074e-18)
(-0 -0 1.42302e-18)
(-0 -0 -2.84603e-18)
(-0 -0 3.38813e-21)
(-0 -0 1.42979e-18)
(-0 -0 1.42471e-18)
(-0 -0 -2.85789e-18)
(-0 -0 -1.43318e-18)
(-0 -0 -1.43149e-18)
(-0 -0 1.69407e-21)
(-0 -0 4.30293e-18)
(-0 -0 -5.74119e-18)
(-0 -0 1.43826e-18)
(-0 -0 -1.43826e-18)
(-0 -0 7.20317e-18)
(-0 -0 -1.44334e-18)
(-0 -0 2.8833e-18)
(-0 -0 -4.33342e-18)
(-0 -0 -1.44504e-18)
(-0 -0 0)
(-0 -0 2.89855e-18)
(-0 -0 -1.45181e-18)
(-0 -0 -1.45012e-18)
(-0 -0 4.36053e-18)
(-0 -0 -2.90702e-18)
(-0 -0 -1.4569e-18)
(-0 -0 0)
(-0 -0 4.37238e-18)
(-0 -0 -1.69407e-21)
(-0 -0 -4.38085e-18)
(-0 -0 2.92735e-18)
(-0 -0 1.46537e-18)
(-0 -0 1.69407e-21)
(-0 -0 -2.93073e-18)
(-0 -0 2.93751e-18)
(-0 -0 -4.40796e-18)
(-0 -0 2.9392e-18)
(-0 -0 -4.41474e-18)
(-0 -0 1.47384e-18)
(-0 -0 1.47553e-18)
(-0 -0 -1.47723e-18)
(-0 -0 4.42998e-18)
(-0 -0 -2.95953e-18)
(-0 -0 -1.69407e-21)
(-0 -0 -2.96292e-18)
(-0 -0 1.484e-18)
(-0 -0 2.97309e-18)
(-0 -0 -2.97139e-18)
(-0 -0 1.48908e-18)
(-0 -0 2.97817e-18)
(-0 -0 1.69407e-21)
(-0 -0 1.48908e-18)
(-0 -0 -4.47742e-18)
(-0 -0 1.69407e-21)
(-0 -0 1.49417e-18)
(-0 -0 -2.99172e-18)
(-0 -0 1.50094e-18)
(-0 -0 3.00188e-18)
(-0 -0 -1.50772e-18)
(-0 -0 -1.50433e-18)
(-0 -0 4.51299e-18)
(-0 -0 -4.51638e-18)
(-0 -0 0)
(-0 -0 3.01544e-18)
(-0 -0 -3.38813e-21)
(-0 -0 -3.0256e-18)
(-0 -0 3.38813e-21)
(-0 -0 0)
(-0 -0 -1.51449e-18)
(-0 -0 1.51449e-18)
(-0 -0 -1.51788e-18)
(-0 -0 6.07831e-18)
(-0 -0 -1.51788e-18)
(-0 -0 -4.57059e-18)
(-0 -0 0)
(-0 -0 -3.38813e-21)
(-0 -0 1.52466e-18)
(-0 -0 -1.53144e-18)
(-0 -0 -3.38813e-21)
(-0 -0 6.12574e-18)
(-0 -0 -4.59769e-18)
(-0 -0 3.06626e-18)
(-0 -0 -3.06965e-18)
(-0 -0 3.38813e-21)
(-0 -0 -1.53482e-18)
(-0 -0 1.53482e-18)
(-0 -0 -1.54499e-18)
(-0 -0 4.62819e-18)
(-0 -0 -1.54499e-18)
(-0 -0 0)
(-0 -0 -1.54838e-18)
(-0 -0 -1.54499e-18)
(-0 -0 3.38813e-21)
(-0 -0 3.1103e-18)
(-0 -0 -1.55515e-18)
(-0 -0 3.1103e-18)
(-0 -0 -1.55515e-18)
(-0 -0 -3.11369e-18)
(-0 -0 -3.38813e-21)
(-0 -0 0)
(-0 -0 4.6824e-18)
(-0 -0 -7.81303e-18)
(-0 -0 6.25449e-18)
(-0 -0 -3.38813e-21)
(-0 -0 -1.56193e-18)
(-0 -0 1.57209e-18)
(-0 -0 -3.1408e-18)
(-0 -0 -1.57209e-18)
(-0 -0 3.38813e-21)
(-0 -0 6.29854e-18)
(-0 -0 -3.15435e-18)
(-0 -0 -3.16113e-18)
(-0 -0 1.57887e-18)
(-0 -0 1.57887e-18)
(-0 -0 3.1679e-18)
(-0 -0 -3.1679e-18)
(-0 -0 3.38813e-21)
(-0 -0 1.58226e-18)
(-0 -0 -3.17468e-18)
(-0 -0 4.77049e-18)
(-0 -0 -3.18484e-18)
(-0 -0 0)
(-0 -0 -3.18484e-18)
(-0 -0 3.18484e-18)
(-0 -0 3.19162e-18)
(-0 -0 0)
(-0 -0 -4.79421e-18)
(-0 -0 -1.59581e-18)
(-0 -0 1.5992e-18)
(-0 -0 4.80776e-18)
(-0 -0 -4.81454e-18)
(-0 -0 0)
(-0 -0 4.8247e-18)
(-0 -0 -4.82809e-18)
(-0 -0 6.44761e-18)
(-0 -0 -3.2255e-18)
(-0 -0 -3.2255e-18)
(-0 -0 3.23905e-18)
(-0 -0 0)
(-0 -0 3.38813e-21)
(-0 -0 0)
(-0 -0 -1.61614e-18)
(-0 -0 0)
(-0 -0 0)
(-0 -0 1.6263e-18)
(-0 -0 -1.6263e-18)
(-0 -0 -3.26277e-18)
(-0 -0 1.63647e-18)
(-0 -0 1.63308e-18)
(-0 -0 4.89924e-18)
(-0 -0 -4.9094e-18)
(-0 -0 -1.63647e-18)
(-0 -0 4.91279e-18)
(-0 -0 -1.63986e-18)
(-0 -0 1.64324e-18)
(-0 -0 -1.64324e-18)
(-0 -0 -1.64663e-18)
(-0 -0 4.94328e-18)
(-0 -0 -6.59669e-18)
(-0 -0 -3.30004e-18)
(-0 -0 4.95684e-18)
(-0 -0 0)
(-0 -0 1.6568e-18)
(-0 -0 -3.38813e-21)
(-0 -0 -1.6568e-18)
(-0 -0 -3.31698e-18)
(-0 -0 3.32376e-18)
(-0 -0 -3.38813e-21)
(-0 -0 3.38813e-21)
(-0 -0 0)
(-0 -0 3.33053e-18)
(-0 -0 -6.67462e-18)
(-0 -0 8.35513e-18)
(-0 -0 -5.01105e-18)
(-0 -0 3.35086e-18)
(-0 -0 -3.35425e-18)
(-0 -0 3.38813e-21)
(-0 -0 -1.68051e-18)
(-0 -0 3.35764e-18)
(-0 -0 -3.38813e-21)
(-0 -0 3.38813e-21)
(-0 -0 -3.3678e-18)
(-0 -0 1.6839e-18)
(-0 -0 3.37797e-18)
(-0 -0 -3.38136e-18)
(-0 -0 3.38136e-18)
(-0 -0 -1.68051e-18)
(-0 -0 1.69068e-18)
(-0 -0 -1.69407e-18)
(-0 -0 3.39491e-18)
(-0 -0 0)
(-0 -0 -3.40507e-18)
(-0 -0 3.40846e-18)
(-0 -0 -6.80676e-18)
(-0 -0 3.40846e-18)
(-0 -0 -3.41524e-18)
(-0 -0 -3.38813e-21)
(-0 -0 0)
(-0 -0 3.42201e-18)
(-0 -0 -3.42879e-18)
(-0 -0 3.42879e-18)
(-0 -0 -3.42879e-18)
(-0 -0 6.87791e-18)
(-0 -0 -3.43895e-18)
(-0 -0 -3.44234e-18)
(-0 -0 3.44234e-18)
(-0 -0 -3.45251e-18)
(-0 -0 6.90501e-18)
(-0 -0 -3.45251e-18)
(-0 -0 3.45589e-18)
(-0 -0 -3.46606e-18)
(-0 -0 3.38813e-21)
(-0 -0 3.47284e-18)
(-0 -0 0)
(-0 -0 -6.94567e-18)
(-0 -0 0)
(-0 -0 0)
(-0 -0 3.483e-18)
(-0 -0 0)
(-0 -0 -3.38813e-21)
(-0 -0 0)
(-0 -0 0)
(-0 -0 -3.49655e-18)
(-0 -0 3.50333e-18)
(-0 -0 0)
(-0 -0 -3.51349e-18)
(-0 -0 3.5101e-18)
(-0 -0 -3.51688e-18)
(-0 -0 3.38813e-21)
(-0 -0 3.52027e-18)
(-0 -0 3.38813e-21)
(-0 -0 -3.53043e-18)
(-0 -0 -3.38813e-21)
(-0 -0 3.53043e-18)
(-0 -0 0)
(-0 -0 -3.54399e-18)
(-0 -0 3.5406e-18)
(-0 -0 0)
(-0 -0 0)
(-0 -0 0)
(-0 -0 0)
(-0 -0 0)
(-0 -0 -3.5677e-18)
(-0 -0 3.57109e-18)
(-0 -0 -3.57448e-18)
(-0 -0 3.57448e-18)
(-0 -0 -3.57787e-18)
(-0 -0 0)
(-0 -0 3.58464e-18)
(-0 -0 -3.58803e-18)
(-0 -0 3.5982e-18)
(-0 -0 3.60158e-18)
(-0 -0 -3.5982e-18)
(-0 -0 -3.60836e-18)
(-0 -0 -3.38813e-21)
(-0 -0 -3.38813e-21)
(-0 -0 3.38813e-21)
(-0 -0 -3.38813e-21)
(-0 -0 -3.38813e-21)
(-0 -0 0)
(-0 -0 3.6253e-18)
(-0 -0 -3.62869e-18)
(-0 -0 3.38813e-21)
(-0 -0 3.64224e-18)
(-0 -0 0)
(-0 -0 0)
(-0 -0 -3.38813e-21)
(-0 -0 3.38813e-21)
(-0 -0 -3.64902e-18)
(-0 -0 3.65918e-18)
(-0 -0 -3.66257e-18)
(-0 -0 3.65918e-18)
(-0 -0 0)
(-0 -0 -3.66935e-18)
(-0 -0 -3.38813e-21)
(-0 -0 0)
(-0 -0 3.68629e-18)
(-0 -0 -3.67951e-18)
(-0 -0 0)
(-0 -0 7.38952e-18)
(-0 -0 -7.3929e-18)
(-0 -0 0)
(-0 -0 0)
(-0 -0 3.70323e-18)
(-0 -0 3.38813e-21)
(-0 -0 0)
(-0 -0 3.71678e-18)
(-0 -0 -3.71678e-18)
(-0 -0 0)
(-0 -0 -3.73372e-18)
(-0 -0 3.73033e-18)
(-0 -0 -3.73372e-18)
(-0 -0 3.38813e-21)
(-0 -0 3.7405e-18)
(-0 -0 -3.74389e-18)
(-0 -0 7.50132e-18)
(-0 -0 -7.50132e-18)
(-0 -0 3.75744e-18)
(-0 -0 3.38813e-21)
(-0 -0 -3.7676e-18)
(-0 -0 3.76421e-18)
(-0 -0 -3.7676e-18)
(-0 -0 3.38813e-21)
(-0 -0 3.77777e-18)
(-0 -0 -3.77438e-18)
(-0 -0 3.78793e-18)
(-0 -0 0)
(-0 -0 0)
(-0 -0 3.79471e-18)
(-0 -0 -3.79471e-18)
(-0 -0 0)
(-0 -0 -3.38813e-21)
(-0 -0 -3.80826e-18)
(-0 -0 3.81842e-18)
(-0 -0 0)
(-0 -0 3.38813e-21)
(-0 -0 -3.82859e-18)
(-0 -0 0)
(-0 -0 3.38813e-21)
(-0 -0 3.38813e-21)
(-0 -0 3.83537e-18)
(-0 -0 -3.84214e-18)
(-0 -0 -3.38813e-21)
(-0 -0 3.38813e-21)
(-0 -0 -3.38813e-21)
(-0 -0 0)
(-0 -0 3.86247e-18)
(-0 -0 -3.38813e-21)
(-0 -0 0)
(-0 -0 3.86586e-18)
(-0 -0 -3.86925e-18)
(-0 -0 -3.87941e-18)
(-0 -0 3.87602e-18)
(-0 -0 -3.38813e-21)
(-0 -0 3.38813e-21)
(-0 -0 0)
(-0 -0 3.38813e-21)
(-0 -0 -3.89635e-18)
(-0 -0 3.89974e-18)
(-0 -0 -3.90652e-18)
(-0 -0 3.9099e-18)
(-0 -0 0)
(-0 -0 3.92007e-18)
(-0 -0 -3.92346e-18)
(-0 -0 0)
(-0 -0 -3.38813e-21)
(-0 -0 -3.93362e-18)
(-0 -0 3.93362e-18)
(-0 -0 -3.93701e-18)
(-0 -0 0)
(-0 -0 3.38813e-21)
(-0 -0 3.95056e-18)
(-0 -0 -3.95734e-18)
(-0 -0 0)
(-0 -0 -3.38813e-21)
(-0 -0 7.935e-18)
(-0 -0 -7.935e-18)
(-0 -0 3.97767e-18)
(-0 -0 3.38813e-21)
(-0 -0 -3.97767e-18)
(-0 -0 -3.38813e-21)
(-0 -0 3.98783e-18)
(-0 -0 0)
(-0 -0 -3.99461e-18)
(-0 -0 0)
(-0 -0 8.00277e-18)
(-0 -0 0)
(-0 -0 -8.01632e-18)
(-0 -0 4.01494e-18)
(-0 -0 -4.02171e-18)
(-0 -0 3.38813e-21)
(-0 -0 0)
(-0 -0 4.02849e-18)
(-0 -0 0)
(-0 -0 -4.03526e-18)
(-0 -0 6.77626e-21)
(-0 -0 4.04204e-18)
(-0 -0 -3.38813e-21)
(-0 -0 -4.05221e-18)
(-0 -0 4.05221e-18)
(-0 -0 0)
(-0 -0 0)
(-0 -0 -4.05898e-18)
(-0 -0 0)
(-0 -0 3.38813e-21)
(-0 -0 4.07931e-18)
(-0 -0 -4.08609e-18)
(-0 -0 -3.38813e-21)
(-0 -0 4.08948e-18)
(-0 -0 0)
(-0 -0 3.38813e-21)
(-0 -0 3.38813e-21)
(-0 -0 -3.38813e-21)
(-0 -0 0)
(-0 -0 -4.11658e-18)
(-0 -0 3.38813e-21)
(-0 -0 0)
(-0 -0 4.12336e-18)
(-0 -0 3.38813e-21)
(-0 -0 -3.38813e-21)
(-0 -0 -3.38813e-21)
(-0 -0 -4.13691e-18)
(-0 -0 4.14369e-18)
(-0 -0 -4.14707e-18)
(-0 -0 -3.38813e-21)
(-0 -0 4.15724e-18)
(-0 -0 3.38813e-21)
(-0 -0 -4.16063e-18)
(-0 -0 0)
(-0 -0 4.17418e-18)
(-0 -0 -4.17418e-18)
(-0 -0 4.18095e-18)
(-0 -0 3.38813e-21)
(-0 -0 -4.18095e-18)
(-0 -0 0)
(-0 -0 3.38813e-21)
(-0 -0 4.19451e-18)
(-0 -0 -4.1979e-18)
(-0 -0 4.20806e-18)
(-0 -0 -3.38813e-21)
(-0 -0 0)
(-0 -0 0)
(-0 -0 3.38813e-21)
(-0 -0 -4.225e-18)
(-0 -0 -3.38813e-21)
(-0 -0 4.23516e-18)
(-0 -0 -3.38813e-21)
(-0 -0 3.38813e-21)
(-0 -0 -3.38813e-21)
(-0 -0 -3.38813e-21)
(-0 -0 -3.38813e-21)
(-0 -0 0)
(-0 -0 -3.38813e-21)
(-0 -0 -4.26566e-18)
(-0 -0 0)
(-0 -0 3.38813e-21)
(-0 -0 4.27921e-18)
(-0 -0 0)
(-0 -0 -4.2826e-18)
(-0 -0 4.29276e-18)
(-0 -0 3.38813e-21)
(-0 -0 0)
(-0 -0 -4.29954e-18)
(-0 -0 4.30632e-18)
(-0 -0 3.38813e-21)
(-0 -0 -4.30632e-18)
(-0 -0 4.32326e-18)
(-0 -0 -4.32326e-18)
(-0 -0 -6.77626e-21)
(-0 -0 4.33003e-18)
(-0 -0 3.38813e-21)
(-0 -0 -4.3402e-18)
(-0 -0 4.34358e-18)
(-0 -0 0)
(-0 -0 -3.38813e-21)
(-0 -0 -4.35375e-18)
(-0 -0 0)
(-0 -0 -3.38813e-21)
(-0 -0 4.37069e-18)
(-0 -0 0)
(-0 -0 3.38813e-21)
(-0 -0 -3.38813e-21)
(-0 -0 3.38813e-21)
(-0 -0 0)
(-0 -0 -4.38763e-18)
(-0 -0 4.39441e-18)
(-0 -0 -4.39441e-18)
(-0 -0 -3.38813e-21)
(-0 -0 4.40796e-18)
(-0 -0 0)
(-0 -0 0)
(-0 -0 -4.41812e-18)
(-0 -0 4.42829e-18)
(-0 -0 -4.42829e-18)
(-0 -0 4.43845e-18)
(-0 -0 -3.38813e-21)
(-0 -0 -4.43845e-18)
(-0 -0 -3.38813e-21)
(-0 -0 4.44184e-18)
(-0 -0 3.38813e-21)
(-0 -0 0)
(-0 -0 3.38813e-21)
(-0 -0 -4.47233e-18)
(-0 -0 0)
(-0 -0 4.47911e-18)
(-0 -0 3.38813e-21)
(-0 -0 0)
(-0 -0 -4.48589e-18)
(-0 -0 4.49266e-18)
(-0 -0 0)
(-0 -0 -3.38813e-21)
(-0 -0 -6.77626e-21)
(-0 -0 -4.5096e-18)
(-0 -0 0)
(-0 -0 -3.38813e-21)
(-0 -0 4.51977e-18)
(-0 -0 3.38813e-21)
(-0 -0 3.38813e-21)
(-0 -0 -6.77626e-21)
(-0 -0 -3.38813e-21)
(-0 -0 -4.54348e-18)
(-0 -0 4.53671e-18)
(-0 -0 0)
(-0 -0 0)
(-0 -0 0)
(-0 -0 -4.56381e-18)
(-0 -0 4.56381e-18)
(-0 -0 3.38813e-21)
(-0 -0 -4.57059e-18)
(-0 -0 -3.38813e-21)
(-0 -0 4.58753e-18)
(-0 -0 -3.38813e-21)
(-0 -0 -4.59092e-18)
(-0 -0 4.59769e-18)
(-0 -0 3.38813e-21)
(-0 -0 -4.60447e-18)
(-0 -0 4.61464e-18)
(-0 -0 -4.61464e-18)
(-0 -0 4.61464e-18)
(-0 -0 -4.62141e-18)
(-0 -0 0)
(-0 -0 4.63158e-18)
(-0 -0 -4.64174e-18)
(-0 -0 4.63496e-18)
(-0 -0 -3.38813e-21)
(-0 -0 3.38813e-21)
(-0 -0 0)
(-0 -0 -3.38813e-21)
(-0 -0 -4.66207e-18)
(-0 -0 4.67223e-18)
(-0 -0 -4.66885e-18)
(-0 -0 -3.38813e-21)
(-0 -0 -3.38813e-21)
(-0 -0 -3.38813e-21)
(-0 -0 4.68579e-18)
(-0 -0 -4.68917e-18)
(-0 -0 4.69595e-18)
(-0 -0 0)
(-0 -0 -4.70612e-18)
(-0 -0 4.71289e-18)
(-0 -0 3.38813e-21)
(-0 -0 0)
(-0 -0 -4.72306e-18)
(-0 -0 3.38813e-21)
(-0 -0 4.73661e-18)
(-0 -0 0)
(-0 -0 -4.74677e-18)
(-0 -0 -6.77626e-21)
(-0 -0 4.74677e-18)
(-0 -0 -4.75694e-18)
(-0 -0 3.38813e-21)
(-0 -0 3.38813e-21)
(-0 -0 0)
(-0 -0 -3.38813e-21)
(-0 -0 4.77388e-18)
(-0 -0 0)
(-0 -0 0)
(-0 -0 -3.38813e-21)
(-0 -0 -4.79421e-18)
(-0 -0 4.79759e-18)
(-0 -0 0)
(-0 -0 -3.38813e-21)
(-0 -0 0)
(-0 -0 -3.38813e-21)
(-0 -0 0)
(-0 -0 -4.82809e-18)
(-0 -0 4.82809e-18)
(-0 -0 0)
(-0 -0 0)
(-0 -0 3.38813e-21)
(-0 -0 -3.38813e-21)
(-0 -0 -4.85519e-18)
(-0 -0 4.85858e-18)
(-0 -0 3.38813e-21)
(-0 -0 -3.38813e-21)
(-0 -0 -4.86875e-18)
(-0 -0 4.8823e-18)
(-0 -0 0)
(-0 -0 0)
(-0 -0 -4.88569e-18)
(-0 -0 4.90263e-18)
(-0 -0 -4.90601e-18)
(-0 -0 0)
(-0 -0 4.90601e-18)
(-0 -0 0)
(-0 -0 0)
(-0 -0 -4.91957e-18)
(-0 -0 0)
(-0 -0 4.92973e-18)
(-0 -0 -4.94667e-18)
(-0 -0 3.38813e-21)
(-0 -0 4.95006e-18)
(-0 -0 -4.94667e-18)
(-0 -0 0)
(-0 -0 4.95345e-18)
(-0 -0 0)
(-0 -0 0)
(-0 -0 -4.967e-18)
(-0 -0 4.98394e-18)
(-0 -0 -3.38813e-21)
(-0 -0 0)
(-0 -0 3.38813e-21)
(-0 -0 -4.99411e-18)
(-0 -0 5.00088e-18)
(-0 -0 0)
(-0 -0 3.38813e-21)
(-0 -0 0)
(-0 -0 6.77626e-21)
(-0 -0 0)
(-0 -0 -6.77626e-21)
(-0 -0 3.38813e-21)
(-0 -0 -3.38813e-21)
(-0 -0 3.38813e-21)
(-0 -0 -5.04493e-18)
(-0 -0 5.05509e-18)
(-0 -0 0)
(-0 -0 6.77626e-21)
(-0 -0 -5.06526e-18)
(-0 -0 -3.38813e-21)
(-0 -0 5.07881e-18)
(-0 -0 -3.38813e-21)
(-0 -0 0)
(-0 -0 -3.38813e-21)
(-0 -0 3.38813e-21)
(-0 -0 -3.38813e-21)
(-0 -0 -3.38813e-21)
(-0 -0 -5.11269e-18)
(-0 -0 3.38813e-21)
(-0 -0 0)
(-0 -0 5.11947e-18)
(-0 -0 0)
(-0 -0 -3.38813e-21)
(-0 -0 -5.14657e-18)
(-0 -0 5.1398e-18)
(-0 -0 0)
(-0 -0 0)
(-0 -0 3.38813e-21)
(-0 -0 0)
(-0 -0 -5.1669e-18)
(-0 -0 5.17029e-18)
(-0 -0 0)
(-0 -0 -5.18384e-18)
(-0 -0 0)
(-0 -0 5.19401e-18)
(-0 -0 -5.19739e-18)
(-0 -0 5.20078e-18)
(-0 -0 -5.20417e-18)
(-0 -0 5.20756e-18)
(-0 -0 -3.38813e-21)
(-0 -0 0)
(-0 -0 0)
(-0 -0 -3.38813e-21)
(-0 -0 0)
(-0 -0 0)
(-0 -0 -5.24822e-18)
(-0 -0 5.24822e-18)
(-0 -0 -6.77626e-21)
(-0 -0 3.38813e-21)
(-0 -0 -5.26854e-18)
(-0 -0 5.26854e-18)
(-0 -0 0)
(-0 -0 -3.38813e-21)
(-0 -0 -5.29226e-18)
(-0 -0 5.28549e-18)
(-0 -0 -5.29904e-18)
(-0 -0 5.30243e-18)
(-0 -0 3.38813e-21)
(-0 -0 3.38813e-21)
(-0 -0 -5.31598e-18)
(-0 -0 5.31937e-18)
(-0 -0 -3.38813e-21)
(-0 -0 3.38813e-21)
(-0 -0 -3.38813e-21)
(-0 -0 0)
(-0 -0 -5.34647e-18)
(-0 -0 3.38813e-21)
(-0 -0 5.35664e-18)
(-0 -0 0)
(-0 -0 -5.3668e-18)
(-0 -0 5.35664e-18)
(-0 -0 -5.37697e-18)
(-0 -0 5.38374e-18)
(-0 -0 0)
(-0 -0 0)
(-0 -0 0)
(-0 -0 0)
(-0 -0 -5.40746e-18)
(-0 -0 5.41085e-18)
(-0 -0 -3.38813e-21)
(-0 -0 6.77626e-21)
(-0 -0 -5.4244e-18)
(-0 -0 5.42779e-18)
(-0 -0 -5.43795e-18)
(-0 -0 6.77626e-21)
(-0 -0 5.44812e-18)
(-0 -0 -5.44812e-18)
(-0 -0 -3.38813e-21)
(-0 -0 5.45828e-18)
(-0 -0 3.38813e-21)
(-0 -0 0)
(-0 -0 3.38813e-21)
(-0 -0 -5.482e-18)
(-0 -0 5.482e-18)
(-0 -0 0)
(-0 -0 0)
(-0 -0 0)
(-0 -0 0)
(-0 -0 0)
(-0 -0 -3.38813e-21)
(-0 -0 -5.52265e-18)
(-0 -0 -3.38813e-21)
(-0 -0 5.52943e-18)
(-0 -0 3.38813e-21)
(-0 -0 0)
(-0 -0 -3.38813e-21)
(-0 -0 0)
(-0 -0 0)
(-0 -0 3.38813e-21)
(-0 -0 -3.38813e-21)
(-0 -0 3.38813e-21)
(-0 -0 0)
(-0 -0 -5.58703e-18)
(-0 -0 0)
(-0 -0 5.59381e-18)
(-0 -0 0)
(-0 -0 -5.60736e-18)
(-0 -0 0)
(-0 -0 5.62091e-18)
(-0 -0 0)
(-0 -0 0)
(-0 -0 0)
(-0 -0 -3.38813e-21)
(-0 -0 0)
(-0 -0 0)
(-0 -0 -5.65818e-18)
(-0 -0 -3.38813e-21)
(-0 -0 5.66834e-18)
(-0 -0 -3.38813e-21)
(-0 -0 0)
(-0 -0 0)
(-0 -0 -5.6819e-18)
(-0 -0 5.69545e-18)
(-0 -0 -6.77626e-21)
(-0 -0 3.38813e-21)
(-0 -0 -6.77626e-21)
(-0 -0 -5.709e-18)
(-0 -0 5.71917e-18)
(-0 -0 -5.72594e-18)
(-0 -0 5.72933e-18)
(-0 -0 -3.38813e-21)
(-0 -0 0)
(-0 -0 -5.74966e-18)
(-0 -0 5.75305e-18)
(-0 -0 -3.38813e-21)
(-0 -0 0)
(-0 -0 -5.77338e-18)
(-0 -0 0)
(-0 -0 0)
(-0 -0 5.78015e-18)
(-0 -0 0)
(-0 -0 -5.79371e-18)
(-0 -0 6.77626e-21)
(-0 -0 5.80048e-18)
(-0 -0 -6.77626e-21)
(-0 -0 -6.77626e-21)
(-0 -0 6.77626e-21)
(-0 -0 -6.77626e-21)
(-0 -0 0)
(-0 -0 -5.83436e-18)
(-0 -0 0)
(-0 -0 0)
(-0 -0 5.85469e-18)
(-0 -0 6.77626e-21)
(-0 -0 0)
(-0 -0 0)
(-0 -0 -5.87502e-18)
(-0 -0 0)
(-0 -0 5.88857e-18)
(-0 -0 -5.88857e-18)
(-0 -0 0)
(-0 -0 5.90213e-18)
(-0 -0 -6.77626e-21)
(-0 -0 0)
(-0 -0 0)
(-0 -0 0)
(-0 -0 0)
(-0 -0 0)
(-0 -0 0)
(-0 -0 0)
(-0 -0 0)
(-0 -0 -6.77626e-21)
(-0 -0 0)
(-0 -0 0)
(-0 -0 0)
(-0 -0 -5.97666e-18)
(-0 -0 5.99022e-18)
(-0 -0 0)
(-0 -0 -6.77626e-21)
(-0 -0 -6.01055e-18)
(-0 -0 6.01055e-18)
(-0 -0 0)
(-0 -0 0)
(-0 -0 -6.0241e-18)
(-0 -0 0)
(-0 -0 0)
(-0 -0 6.03765e-18)
(-0 -0 -6.0512e-18)
(-0 -0 6.05798e-18)
(-0 -0 -6.05798e-18)
(-0 -0 6.06476e-18)
(-0 -0 0)
(-0 -0 -6.08508e-18)
(-0 -0 6.07831e-18)
(-0 -0 6.77626e-21)
(-0 -0 -6.09186e-18)
(-0 -0 0)
(-0 -0 0)
(-0 -0 0)
(-0 -0 6.13252e-18)
(-0 -0 -6.11897e-18)
(-0 -0 6.77626e-21)
(-0 -0 6.13929e-18)
(-0 -0 6.13929e-18)
(-0 -0 0)
(-0 -0 -6.15962e-18)
(-0 -0 0)
(-0 -0 6.77626e-21)
(-0 -0 0)
(-0 -0 6.77626e-21)
(-0 -0 0)
(-0 -0 -6.77626e-21)
(-0 -0 0)
(-0 -0 0)
(-0 -0 -6.77626e-21)
(-0 -0 0)
(-0 -0 -6.77626e-21)
(-0 -0 0)
(-0 -0 -6.23416e-18)
(-0 -0 6.22739e-18)
(-0 -0 0)
(-0 -0 0)
(-0 -0 -6.24772e-18)
(-0 -0 1.25022e-17)
(-0 -0 -1.25225e-17)
(-0 -0 6.26804e-18)
(-0 -0 6.26804e-18)
(-0 -0 -1.25564e-17)
(-0 -0 6.2816e-18)
(-0 -0 -6.28837e-18)
(-0 -0 6.29515e-18)
(-0 -0 -6.31548e-18)
(-0 -0 6.30193e-18)
(-0 -0 -6.3087e-18)
(-0 -0 6.32903e-18)
(-0 -0 0)
(-0 -0 0)
(-0 -0 -6.33581e-18)
(-0 -0 6.34936e-18)
(-0 -0 0)
(-0 -0 -6.35614e-18)
(-0 -0 -6.77626e-21)
(-0 -0 6.36969e-18)
(-0 -0 -6.36291e-18)
(-0 -0 6.38324e-18)
(-0 -0 -6.38324e-18)
(-0 -0 6.39679e-18)
(-0 -0 0)
(-0 -0 0)
(-0 -0 -6.41712e-18)
(-0 -0 6.41712e-18)
(-0 -0 6.43067e-18)
(-0 -0 -6.41712e-18)
(-0 -0 0)
(-0 -0 -6.43745e-18)
(-0 -0 0)
(-0 -0 6.451e-18)
(-0 -0 0)
(-0 -0 0)
(-0 -0 6.47133e-18)
(-0 -0 -6.47811e-18)
(-0 -0 -6.48488e-18)
(-0 -0 6.48488e-18)
(-0 -0 0)
(-0 -0 0)
(-0 -0 6.77626e-21)
(-0 -0 -6.51877e-18)
(-0 -0 6.51199e-18)
(-0 -0 -6.52554e-18)
(-0 -0 6.53232e-18)
(-0 -0 -6.53909e-18)
(-0 -0 6.77626e-21)
(-0 -0 0)
(-0 -0 6.55265e-18)
(-0 -0 0)
(-0 -0 -6.5662e-18)
(-0 -0 6.5662e-18)
(-0 -0 -6.57975e-18)
(-0 -0 -6.57975e-18)
(-0 -0 1.31798e-17)
(-0 -0 -6.60008e-18)
(-0 -0 6.77626e-21)
(-0 -0 0)
(-0 -0 6.77626e-21)
(-0 -0 6.77626e-21)
(-0 -0 6.62719e-18)
(-0 -0 -6.63396e-18)
(-0 -0 6.63396e-18)
(-0 -0 0)
(-0 -0 -6.64074e-18)
(-0 -0 6.77626e-21)
(-0 -0 6.65429e-18)
(-0 -0 0)
(-0 -0 -6.6814e-18)
(-0 -0 6.69495e-18)
(-0 -0 -6.77626e-21)
(-0 -0 0)
(-0 -0 6.7085e-18)
(-0 -0 -6.7085e-18)
(-0 -0 -6.72205e-18)
(-0 -0 0)
(-0 -0 6.72205e-18)
(-0 -0 -6.72883e-18)
(-0 -0 1.3478e-17)
(-0 -0 -6.74916e-18)
(-0 -0 0)
(-0 -0 0)
(-0 -0 0)
(-0 -0 -1.3539e-17)
(-0 -0 6.78304e-18)
(-0 -0 6.78982e-18)
(-0 -0 -6.79659e-18)
(-0 -0 6.79659e-18)
(-0 -0 0)
(-0 -0 0)
(-0 -0 -6.8237e-18)
(-0 -0 6.8237e-18)
(-0 -0 -6.81692e-18)
(-0 -0 6.83725e-18)
(-0 -0 0)
(-0 -0 -6.85758e-18)
(-0 -0 0)
(-0 -0 0)
(-0 -0 6.87113e-18)
(-0 -0 0)
(-0 -0 -6.88468e-18)
(-0 -0 1.37761e-17)
(-0 -0 -6.90501e-18)
(-0 -0 0)
(-0 -0 -6.91179e-18)
(-0 -0 1.38304e-17)
(-0 -0 -1.38439e-17)
(-0 -0 0)
(-0 -0 6.77626e-21)
(-0 -0 6.93889e-18)
(-0 -0 6.77626e-21)
(-0 -0 0)
(-0 -0 0)
(-0 -0 -6.95922e-18)
(-0 -0 0)
(-0 -0 6.77626e-21)
(-0 -0 6.77626e-21)
(-0 -0 1.39862e-17)
(-0 -0 -7.00666e-18)
(-0 -0 -7.00666e-18)
(-0 -0 7.01343e-18)
(-0 -0 -6.77626e-21)
(-0 -0 0)
(-0 -0 -7.03376e-18)
(-0 -0 0)
(-0 -0 7.04731e-18)
(-0 -0 -7.06087e-18)
(-0 -0 7.06087e-18)
(-0 -0 -6.77626e-21)
(-0 -0 -6.77626e-21)
(-0 -0 -7.0812e-18)
(-0 -0 7.0812e-18)
(-0 -0 0)
(-0 -0 0)
(-0 -0 0)
(-0 -0 -7.1083e-18)
(-0 -0 0)
(-0 -0 7.12185e-18)
(-0 -0 7.12863e-18)
(-0 -0 -7.14218e-18)
(-0 -0 -6.77626e-21)
(-0 -0 -7.14218e-18)
(-0 -0 7.15573e-18)
(-0 -0 0)
(-0 -0 -7.16929e-18)
(-0 -0 7.18284e-18)
(-0 -0 6.77626e-21)
(-0 -0 7.18284e-18)
(-0 -0 -1.44063e-17)
(-0 -0 -7.20317e-18)
(-0 -0 1.44267e-17)
(-0 -0 -7.21672e-18)
(-0 -0 7.23705e-18)
(-0 -0 0)
(-0 -0 0)
(-0 -0 7.2506e-18)
(-0 -0 -7.25738e-18)
(-0 -0 -6.77626e-21)
(-0 -0 0)
(-0 -0 -7.27093e-18)
(-0 -0 7.27093e-18)
(-0 -0 -7.27771e-18)
(-0 -0 7.29126e-18)
(-0 -0 0)
(-0 -0 -7.31159e-18)
(-0 -0 0)
(-0 -0 7.33192e-18)
(-0 -0 7.32514e-18)
(-0 -0 -7.33869e-18)
(-0 -0 0)
(-0 -0 -7.33869e-18)
(-0 -0 7.35902e-18)
(-0 -0 0)
(-0 -0 -7.37257e-18)
(-0 -0 1.47587e-17)
(-0 -0 0)
(-0 -0 0)
(-0 -0 -7.39968e-18)
(-0 -0 7.40646e-18)
(-0 -0 -6.77626e-21)
(-0 -0 -1.48332e-17)
(-0 -0 7.43356e-18)
(-0 -0 -7.44034e-18)
(-0 -0 0)
(-0 -0 7.44711e-18)
(-0 -0 0)
(-0 -0 -7.46744e-18)
(-0 -0 7.46744e-18)
(-0 -0 -7.47422e-18)
(-0 -0 7.48777e-18)
(-0 -0 6.77626e-21)
(-0 -0 7.48777e-18)
(-0 -0 0)
(-0 -0 -7.5081e-18)
(-0 -0 -6.77626e-21)
(-0 -0 -7.52165e-18)
(-0 -0 7.52843e-18)
(-0 -0 6.77626e-21)
(-0 -0 0)
(-0 -0 -7.54876e-18)
(-0 -0 7.55553e-18)
(-0 -0 7.56909e-18)
(-0 -0 6.77626e-21)
(-0 -0 -1.51653e-17)
(-0 -0 7.60297e-18)
(-0 -0 6.77626e-21)
(-0 -0 -6.77626e-21)
(-0 -0 -6.77626e-21)
(-0 -0 0)
(-0 -0 0)
(-0 -0 0)
(-0 -0 -6.77626e-21)
(-0 -0 -7.6504e-18)
(-0 -0 7.64363e-18)
(-0 -0 -6.77626e-21)
(-0 -0 7.65718e-18)
(-0 -0 -7.67073e-18)
(-0 -0 6.77626e-21)
(-0 -0 6.77626e-21)
(-0 -0 -7.69784e-18)
(-0 -0 6.77626e-21)
(-0 -0 -3.86247e-18)
(-0 -0 1.54363e-17)
(-0 -0 -1.15806e-17)
(-0 -0 3.86247e-18)
(-0 -0 6.77626e-21)
(-0 -0 0)
(-0 -0 1.16213e-17)
(-0 -0 -3.88958e-18)
(-0 -0 -1.16552e-17)
(-0 -0 0)
(-0 -0 1.16823e-17)
(-0 -0 -7.78593e-18)
(-0 -0 7.80626e-18)
(-0 -0 -1.56125e-17)
(-0 -0 7.81981e-18)
(-0 -0 6.77626e-21)
(-0 -0 3.90313e-18)
(-0 -0 -6.77626e-21)
(-0 -0 -1.17568e-17)
(-0 -0 1.17636e-17)
(-0 -0 -3.92346e-18)
(-0 -0 6.77626e-21)
(-0 -0 7.86724e-18)
(-0 -0 -3.93023e-18)
(-0 -0 -1.57548e-17)
(-0 -0 3.94379e-18)
(-0 -0 1.57955e-17)
(-0 -0 0)
(-0 -0 -1.18788e-17)
(-0 -0 0)
(-0 -0 1.58632e-17)
(-0 -0 -1.587e-17)
(-0 -0 3.97089e-18)
(-0 -0 -3.98444e-18)
(-0 -0 6.77626e-21)
(-0 -0 -6.77626e-21)
(-0 -0 1.19669e-17)
(-0 -0 0)
(-0 -0 -1.59784e-17)
(-0 -0 7.99599e-18)
(-0 -0 3.998e-18)
(-0 -0 6.77626e-21)
(-0 -0 -4.01832e-18)
(-0 -0 6.77626e-21)
(-0 -0 -6.77626e-21)
(-0 -0 -1.60801e-17)
(-0 -0 1.60936e-17)
(-0 -0 4.03188e-18)
(-0 -0 0)
(-0 -0 -4.03188e-18)
(-0 -0 1.2116e-17)
(-0 -0 -1.21295e-17)
(-0 -0 -1.21498e-17)
(-0 -0 8.10441e-18)
(-0 -0 -8.10441e-18)
(-0 -0 1.21769e-17)
(-0 -0 -8.11796e-18)
(-0 -0 1.62563e-17)
(-0 -0 -4.07931e-18)
(-0 -0 -8.13829e-18)
(-0 -0 6.77626e-21)
(-0 -0 1.22447e-17)
(-0 -0 -1.22515e-17)
(-0 -0 4.09286e-18)
(-0 -0 8.17895e-18)
(-0 -0 -4.09286e-18)
(-0 -0 -4.10642e-18)
(-0 -0 1.22989e-17)
(-0 -0 -1.64324e-17)
(-0 -0 -4.11319e-18)
(-0 -0 1.64595e-17)
(-0 -0 -8.23994e-18)
(-0 -0 -6.77626e-21)
(-0 -0 4.11997e-18)
(-0 -0 4.13352e-18)
(-0 -0 -8.27382e-18)
(-0 -0 8.26704e-18)
(-0 -0 0)
(-0 -0 -1.2448e-17)
(-0 -0 -8.28737e-18)
(-0 -0 1.24751e-17)
(-0 -0 8.3077e-18)
(-0 -0 -1.24887e-17)
(-0 -0 1.25022e-17)
(-0 -0 -4.17418e-18)
(-0 -0 4.1674e-18)
(-0 -0 -8.36191e-18)
(-0 -0 1.25564e-17)
(-0 -0 -2.51128e-17)
(-0 -0 8.37546e-18)
(-0 -0 0)
(-0 -0 4.19451e-18)
(-0 -0 4.19451e-18)
(-0 -0 -8.41612e-18)
(-0 -0 0)
(-0 -0 1.68593e-17)
(-0 -0 -1.26513e-17)
(-0 -0 0)
(-0 -0 -1.26716e-17)
(-0 -0 1.26919e-17)
(-0 -0 8.47033e-18)
(-0 -0 -1.27055e-17)
(-0 -0 0)
(-0 -0 6.77626e-21)
(-0 -0 4.24194e-18)
(-0 -0 4.24872e-18)
(-0 -0 0)
(-0 -0 -8.51776e-18)
(-0 -0 8.53132e-18)
(-0 -0 -1.28004e-17)
(-0 -0 8.54487e-18)
(-0 -0 -4.2826e-18)
(-0 -0 1.71101e-17)
(-0 -0 -4.2826e-18)
(-0 -0 -8.57197e-18)
(-0 -0 -4.28937e-18)
(-0 -0 8.58553e-18)
(-0 -0 -8.60585e-18)
(-0 -0 4.30293e-18)
(-0 -0 -6.77626e-21)
(-0 -0 6.77626e-21)
(-0 -0 8.62618e-18)
(-0 -0 -1.72862e-17)
(-0 -0 4.32326e-18)
(-0 -0 -4.32326e-18)
(-0 -0 -4.32326e-18)
(-0 -0 1.30036e-17)
(-0 -0 4.34358e-18)
(-0 -0 -4.35036e-18)
(-0 -0 0)
(-0 -0 -4.35714e-18)
(-0 -0 6.77626e-21)
(-0 -0 -8.71427e-18)
(-0 -0 8.7346e-18)
(-0 -0 1.74895e-17)
(-0 -0 -1.74963e-17)
(-0 -0 4.37747e-18)
(-0 -0 4.38424e-18)
(-0 -0 -8.77526e-18)
(-0 -0 0)
(-0 -0 8.79559e-18)
(-0 -0 -4.40457e-18)
(-0 -0 -6.77626e-21)
(-0 -0 1.32273e-17)
(-0 -0 -8.82947e-18)
(-0 -0 4.41135e-18)
(-0 -0 -1.32544e-17)
(-0 -0 4.41135e-18)
(-0 -0 -1.32747e-17)
(-0 -0 1.32883e-17)
(-0 -0 -4.43845e-18)
(-0 -0 4.43845e-18)
(-0 -0 -4.43845e-18)
(-0 -0 8.89723e-18)
(-0 -0 8.89723e-18)
(-0 -0 -1.78283e-17)
(-0 -0 1.33763e-17)
(-0 -0 -1.34034e-17)
(-0 -0 0)
(-0 -0 8.95144e-18)
(-0 -0 6.77626e-21)
(-0 -0 8.965e-18)
(-0 -0 -1.79503e-17)
(-0 -0 6.77626e-21)
(-0 -0 8.97855e-18)
(-0 -0 0)
(-0 -0 4.49266e-18)
(-0 -0 -4.50622e-18)
(-0 -0 -1.80384e-17)
(-0 -0 1.80587e-17)
(-0 -0 4.51299e-18)
(-0 -0 -1.80994e-17)
(-0 -0 -6.77626e-21)
(-0 -0 1.81197e-17)
(-0 -0 -9.06664e-18)
(-0 -0 1.36203e-17)
(-0 -0 -1.81739e-17)
(-0 -0 6.77626e-21)
(-0 -0 0)
(-0 -0 9.11407e-18)
(-0 -0 -6.77626e-21)
(-0 -0 -6.77626e-21)
(-0 -0 -6.77626e-21)
(-0 -0 -6.77626e-21)
(-0 -0 -1.83095e-17)
(-0 -0 1.83433e-17)
(-0 -0 -1.37558e-17)
(-0 -0 1.83705e-17)
(-0 -0 -1.35525e-20)
(-0 -0 -1.37965e-17)
(-0 -0 6.77626e-21)
(-0 -0 6.77626e-21)
(-0 -0 4.62141e-18)
(-0 -0 0)
(-0 -0 -6.77626e-21)
(-0 -0 4.63496e-18)
(-0 -0 0)
(-0 -0 4.63496e-18)
(-0 -0 -1.39184e-17)
(-0 -0 0)
(-0 -0 -9.29703e-18)
(-0 -0 1.39591e-17)
(-0 -0 4.64852e-18)
(-0 -0 -1.86483e-17)
(-0 -0 2.79927e-17)
(-0 -0 6.77626e-21)
(-0 -0 -6.77626e-21)
(-0 -0 -1.87093e-17)
(-0 -0 -4.6824e-18)
(-0 -0 9.37157e-18)
(-0 -0 9.37835e-18)
(-0 -0 -6.77626e-21)
(-0 -0 -1.41082e-17)
(-0 -0 0)
(-0 -0 6.77626e-21)
(-0 -0 4.72306e-18)
(-0 -0 1.41488e-17)
(-0 -0 -1.41759e-17)
(-0 -0 0)
(-0 -0 6.77626e-21)
(-0 -0 -6.77626e-21)
(-0 -0 1.42098e-17)
(-0 -0 -1.42234e-17)
(-0 -0 1.42573e-17)
(-0 -0 -1.42573e-17)
(-0 -0 0)
(-0 -0 4.77049e-18)
(-0 -0 -9.54776e-18)
(-0 -0 6.77626e-21)
(-0 -0 4.77727e-18)
(-0 -0 9.55453e-18)
(-0 -0 -4.77727e-18)
(-0 -0 -9.58164e-18)
(-0 -0 4.79082e-18)
(-0 -0 6.77626e-21)
(-0 -0 0)
(-0 -0 9.60874e-18)
(-0 -0 -4.81115e-18)
(-0 -0 -9.62907e-18)
(-0 -0 0)
(-0 -0 4.8247e-18)
(-0 -0 4.83148e-18)
(-0 -0 0)
(-0 -0 -4.83825e-18)
(-0 -0 9.6765e-18)
(-0 -0 -9.69006e-18)
(-0 -0 0)
(-0 -0 -9.70361e-18)
(-0 -0 0)
(-0 -0 1.46028e-17)
(-0 -0 -9.75104e-18)
(-0 -0 4.87213e-18)
(-0 -0 9.75782e-18)
(-0 -0 -9.75782e-18)
(-0 -0 4.89924e-18)
(-0 -0 -4.89246e-18)
(-0 -0 -4.89924e-18)
(-0 -0 9.79848e-18)
(-0 -0 -9.82558e-18)
(-0 -0 9.81881e-18)
(-0 -0 6.77626e-21)
(-0 -0 0)
(-0 -0 -4.92634e-18)
(-0 -0 -9.87302e-18)
(-0 -0 4.93312e-18)
(-0 -0 1.48197e-17)
(-0 -0 -1.48332e-17)
(-0 -0 9.9069e-18)
(-0 -0 -9.90012e-18)
(-0 -0 1.48807e-17)
(-0 -0 -1.48807e-17)
(-0 -0 1.49078e-17)
(-0 -0 -9.934e-18)
(-0 -0 -6.77626e-21)
(-0 -0 1.49552e-17)
(-0 -0 -9.96788e-18)
(-0 -0 -9.98144e-18)
(-0 -0 -5.00088e-18)
(-0 -0 5.00088e-18)
(-0 -0 1.50094e-17)
(-0 -0 -1.00153e-17)
(-0 -0 -1.00356e-17)
(-0 -0 6.77626e-21)
(-0 -0 5.02799e-18)
(-0 -0 0)
(-0 -0 1.00628e-17)
(-0 -0 -5.04154e-18)
(-0 -0 -6.77626e-21)
(-0 -0 -5.05509e-18)
(-0 -0 2.02204e-17)
(-0 -0 -2.02204e-17)
(-0 -0 1.51788e-17)
(-0 -0 -5.07542e-18)
(-0 -0 -5.07542e-18)
(-0 -0 -1.01508e-17)
(-0 -0 5.08897e-18)
(-0 -0 1.52601e-17)
(-0 -0 1.01712e-17)
(-0 -0 -2.0383e-17)
(-0 -0 1.01983e-17)
(-0 -0 -1.02186e-17)
(-0 -0 0)
(-0 -0 -1.02322e-17)
(-0 -0 5.11608e-18)
(-0 -0 1.02389e-17)
(-0 -0 -1.53821e-17)
(-0 -0 -1.0266e-17)
(-0 -0 2.56956e-17)
(-0 -0 5.14318e-18)
(-0 -0 0)
(-0 -0 -5.15674e-18)
(-0 -0 -1.03202e-17)
(-0 -0 0)
(-0 -0 5.17029e-18)
(-0 -0 -1.03406e-17)
(-0 -0 1.5538e-17)
(-0 -0 0)
(-0 -0 -1.03677e-17)
(-0 -0 5.19062e-18)
(-0 -0 -6.77626e-21)
(-0 -0 -5.20417e-18)
(-0 -0 1.56125e-17)
(-0 -0 -1.56328e-17)
(-0 -0 5.21772e-18)
(-0 -0 1.04422e-17)
(-0 -0 -6.77626e-21)
(-0 -0 -5.23805e-18)
(-0 -0 -1.57142e-17)
(-0 -0 1.04761e-17)
(-0 -0 5.2516e-18)
(-0 -0 -5.24483e-18)
(-0 -0 5.2516e-18)
(-0 -0 1.57751e-17)
(-0 -0 -1.05371e-17)
(-0 -0 -1.05439e-17)
(-0 -0 1.05574e-17)
(-0 -0 -1.05574e-17)
(-0 -0 5.27871e-18)
(-0 -0 -1.05845e-17)
(-0 -0 1.05913e-17)
(-0 -0 5.30581e-18)
(-0 -0 -1.06116e-17)
(-0 -0 -5.31259e-18)
(-0 -0 0)
(-0 -0 5.31259e-18)
(-0 -0 1.06387e-17)
(-0 -0 -5.32614e-18)
(-0 -0 -5.3397e-18)
(-0 -0 5.34647e-18)
(-0 -0 5.34647e-18)
(-0 -0 -1.06997e-17)
(-0 -0 -1.60733e-17)
(-0 -0 2.67933e-17)
(-0 -0 -1.07268e-17)
(-0 -0 -1.07268e-17)
(-0 -0 2.68679e-17)
(-0 -0 5.38035e-18)
(-0 -0 -2.69221e-17)
(-0 -0 1.0781e-17)
(-0 -0 1.61817e-17)
(-0 -0 -5.40746e-18)
(-0 -0 -1.62088e-17)
(-0 -0 1.62292e-17)
(-0 -0 -1.08285e-17)
(-0 -0 -5.42101e-18)
(-0 -0 -5.42779e-18)
(-0 -0 5.42779e-18)
(-0 -0 -5.43456e-18)
(-0 -0 5.43456e-18)
(-0 -0 0)
(-0 -0 0)
(-0 -0 0)
(-0 -0 6.77626e-21)
(-0 -0 5.46844e-18)
(-0 -0 0)
(-0 -0 0)
(-0 -0 0)
(-0 -0 -1.09775e-17)
(-0 -0 2.19619e-17)
(-0 -0 -1.65002e-17)
(-0 -0 -5.49555e-18)
(-0 -0 -1.65205e-17)
(-0 -0 2.205e-17)
(-0 -0 -5.52265e-18)
(-0 -0 -1.10385e-17)
(-0 -0 1.65883e-17)
(-0 -0 -5.52943e-18)
(-0 -0 1.66086e-17)
(-0 -0 -2.21652e-17)
(-0 -0 6.77626e-21)
(-0 -0 5.54298e-18)
(-0 -0 1.11198e-17)
(-0 -0 5.56331e-18)
(-0 -0 5.54976e-18)
(-0 -0 -2.22871e-17)
(-0 -0 1.11537e-17)
(-0 -0 0)
(-0 -0 6.77626e-21)
(-0 -0 -5.59042e-18)
(-0 -0 5.58364e-18)
(-0 -0 -1.12147e-17)
(-0 -0 1.1235e-17)
(-0 -0 -5.61752e-18)
(-0 -0 -5.6243e-18)
(-0 -0 1.12622e-17)
(-0 -0 -2.25243e-17)
(-0 -0 0)
(-0 -0 1.12825e-17)
(-0 -0 2.25988e-17)
(-0 -0 -5.6514e-18)
(-0 -0 -5.65818e-18)
(-0 -0 -6.77626e-21)
(-0 -0 1.13367e-17)
(-0 -0 -2.83722e-17)
(-0 -0 1.70355e-17)
(-0 -0 -5.68529e-18)
(-0 -0 -1.13706e-17)
(-0 -0 5.69206e-18)
(-0 -0 1.13977e-17)
(-0 -0 -5.71239e-18)
(-0 -0 5.71917e-18)
(-0 -0 -1.14316e-17)
(-0 -0 5.71917e-18)
(-0 -0 -5.72594e-18)
(-0 -0 2.29377e-17)
(-0 -0 -2.29512e-17)
(-0 -0 0)
(-0 -0 5.75305e-18)
(-0 -0 6.77626e-21)
(-0 -0 5.75305e-18)
(-0 -0 -1.15332e-17)
(-0 -0 5.77338e-18)
(-0 -0 -5.7666e-18)
(-0 -0 1.15671e-17)
(-0 -0 6.77626e-21)
(-0 -0 -1.15874e-17)
(-0 -0 -1.15874e-17)
(-0 -0 2.32155e-17)
(-0 -0 -1.7415e-17)
(-0 -0 2.32629e-17)
(-0 -0 -2.32832e-17)
(-0 -0 1.16552e-17)
(-0 -0 5.82759e-18)
(-0 -0 -1.74963e-17)
(-0 -0 1.16755e-17)
(-0 -0 5.85469e-18)
(-0 -0 0)
(-0 -0 5.86147e-18)
(-0 -0 -2.34594e-17)
(-0 -0 5.86147e-18)
(-0 -0 1.76386e-17)
(-0 -0 -1.175e-17)
(-0 -0 0)
(-0 -0 5.88857e-18)
(-0 -0 0)
(-0 -0 0)
(-0 -0 -1.18178e-17)
(-0 -0 2.36492e-17)
(-0 -0 -5.92245e-18)
(-0 -0 -1.18517e-17)
(-0 -0 -6.77626e-21)
(-0 -0 1.18652e-17)
(-0 -0 -2.37644e-17)
(-0 -0 3.56838e-17)
(-0 -0 -1.19127e-17)
(-0 -0 -5.95634e-18)
(-0 -0 5.96311e-18)
(-0 -0 -1.19398e-17)
(-0 -0 1.79164e-17)
(-0 -0 -2.39134e-17)
(-0 -0 0)
(-0 -0 6.77626e-21)
(-0 -0 5.99699e-18)
(-0 -0 5.99699e-18)
(-0 -0 -6.00377e-18)
(-0 -0 -6.01732e-18)
(-0 -0 1.80587e-17)
(-0 -0 0)
(-0 -0 -1.80926e-17)
(-0 -0 6.04443e-18)
(-0 -0 0)
(-0 -0 6.04443e-18)
(-0 -0 6.04443e-18)
(-0 -0 -1.21295e-17)
(-0 -0 -1.21227e-17)
(-0 -0 3.03509e-17)
(-0 -0 6.77626e-21)
(-0 -0 -1.21702e-17)
(-0 -0 -6.09864e-18)
(-0 -0 6.77626e-21)
(-0 -0 0)
(-0 -0 6.11219e-18)
(-0 -0 -1.22176e-17)
(-0 -0 1.22312e-17)
(-0 -0 -1.22379e-17)
(-0 -0 6.13252e-18)
(-0 -0 -6.13252e-18)
(-0 -0 1.2265e-17)
(-0 -0 6.13252e-18)
(-0 -0 -3.07371e-17)
(-0 -0 1.23192e-17)
(-0 -0 6.15962e-18)
(-0 -0 1.84992e-17)
(-0 -0 -1.85263e-17)
(-0 -0 6.17995e-18)
(-0 -0 -6.17995e-18)
(-0 -0 -6.77626e-21)
(-0 -0 6.1935e-18)
(-0 -0 0)
(-0 -0 0)
(-0 -0 -1.86347e-17)
(-0 -0 2.48892e-17)
(-0 -0 -2.49028e-17)
(-0 -0 6.24094e-18)
(-0 -0 1.8716e-17)
(-0 -0 -6.77626e-21)
(-0 -0 -1.87431e-17)
(-0 -0 6.77626e-21)
(-0 -0 6.25449e-18)
(-0 -0 6.26127e-18)
(-0 -0 -1.25496e-17)
(-0 -0 0)
(-0 -0 1.257e-17)
(-0 -0 6.29515e-18)
(-0 -0 -6.2816e-18)
(-0 -0 6.29515e-18)
(-0 -0 -1.89193e-17)
(-0 -0 1.2631e-17)
(-0 -0 0)
(-0 -0 -6.32903e-18)
(-0 -0 1.89939e-17)
(-0 -0 -1.9021e-17)
(-0 -0 0)
(-0 -0 1.90481e-17)
(-0 -0 -2.54245e-17)
(-0 -0 1.27326e-17)
(-0 -0 1.27394e-17)
(-0 -0 -2.23007e-17)
(-0 -0 1.27529e-17)
(-0 -0 -1.91565e-17)
(-0 -0 -6.77626e-21)
(-0 -0 6.39679e-18)
(-0 -0 6.77626e-21)
(-0 -0 1.92175e-17)
(-0 -0 -6.41712e-18)
(-0 -0 -1.6053e-17)
(-0 -0 -9.6494e-18)
(-0 -0 6.43745e-18)
(-0 -0 2.25379e-17)
(-0 -0 -1.61207e-17)
(-0 -0 3.23228e-18)
(-0 -0 1.29156e-17)
(-0 -0 -3.23905e-18)
(-0 -0 -3.23228e-18)
(-0 -0 -6.45778e-18)
(-0 -0 -1.2963e-17)
(-0 -0 1.94547e-17)
(-0 -0 -9.73749e-18)
(-0 -0 3.25261e-18)
(-0 -0 -6.50521e-18)
(-0 -0 -1.30172e-17)
(-0 -0 1.95563e-17)
(-0 -0 9.78492e-18)
(-0 -0 9.78492e-18)
(-0 -0 -1.96105e-17)
(-0 -0 6.77626e-21)
(-0 -0 1.63647e-17)
(-0 -0 -3.28649e-18)
(-0 -0 -1.31256e-17)
(-0 -0 -3.28649e-18)
(-0 -0 3.28649e-18)
(-0 -0 -3.30004e-18)
(-0 -0 6.58653e-18)
(-0 -0 3.29326e-18)
(-0 -0 6.60008e-18)
(-0 -0 -1.65138e-17)
(-0 -0 0)
(-0 -0 9.92045e-18)
(-0 -0 2.64749e-17)
(-0 -0 -5.63311e-17)
(-0 -0 2.65291e-17)
(-0 -0 -1.99154e-17)
(-0 -0 -9.96111e-18)
(-0 -0 6.77626e-21)
(-0 -0 1.999e-17)
(-0 -0 1.33154e-17)
(-0 -0 3.3407e-18)
(-0 -0 -3.3407e-18)
(-0 -0 3.32715e-18)
(-0 -0 2.00713e-17)
(-0 -0 -2.67933e-17)
(-0 -0 1.33967e-17)
(-0 -0 -6.7085e-18)
(-0 -0 -1.00763e-17)
(-0 -0 2.01594e-17)
(-0 -0 -2.01797e-17)
(-0 -0 1.3478e-17)
(-0 -0 -1.68526e-17)
(-0 -0 0)
(-0 -0 -2.0261e-17)
(-0 -0 1.01441e-17)
(-0 -0 3.72152e-17)
(-0 -0 -2.03152e-17)
(-0 -0 -3.39491e-18)
(-0 -0 3.39491e-18)
(-0 -0 -6.77626e-21)
(-0 -0 3.38813e-18)
(-0 -0 -1.01983e-17)
(-0 -0 -3.40168e-18)
(-0 -0 -3.40168e-18)
(-0 -0 0)
(-0 -0 3.07371e-17)
(-0 -0 -3.41795e-17)
(-0 -0 3.42879e-18)
(-0 -0 6.8508e-18)
(-0 -0 1.02796e-17)
(-0 -0 -2.05931e-17)
(-0 -0 2.40557e-17)
(-0 -0 2.40625e-17)
(-0 -0 -1.03338e-17)
(-0 -0 -2.06541e-17)
(-0 -0 3.44912e-18)
(-0 -0 -6.91179e-18)
(-0 -0 -1.38168e-17)
(-0 -0 2.42048e-17)
(-0 -0 -1.73134e-17)
(-0 -0 1.38575e-17)
(-0 -0 2.08099e-17)
(-0 -0 -4.16469e-17)
(-0 -0 2.77759e-17)
(-0 -0 3.483e-18)
(-0 -0 6.95922e-18)
(-0 -0 -3.48978e-18)
(-0 -0 -2.78979e-17)
(-0 -0 -6.97278e-18)
(-0 -0 1.39794e-17)
(-0 -0 6.98633e-18)
(-0 -0 -1.39998e-17)
(-0 -0 3.15232e-17)
(-0 -0 -1.75234e-17)
(-0 -0 1.05439e-17)
(-0 -0 -2.81079e-17)
(-0 -0 7.02021e-18)
(-0 -0 2.11148e-17)
(-0 -0 -7.04054e-18)
(-0 -0 -2.82096e-17)
(-0 -0 1.41014e-17)
(-0 -0 -1.05981e-17)
(-0 -0 3.53043e-18)
(-0 -0 1.06116e-17)
(-0 -0 -3.54399e-18)
(-0 -0 -7.09475e-18)
(-0 -0 -2.48418e-17)
(-0 -0 2.13113e-17)
(-0 -0 -1.42166e-17)
(-0 -0 4.2704e-17)
(-0 -0 -1.42573e-17)
(-0 -0 -1.06929e-17)
(-0 -0 6.77626e-21)
(-0 -0 1.42911e-17)
(-0 -0 -3.58464e-18)
(-0 -0 1.43115e-17)
(-0 -0 -2.86568e-17)
(-0 -0 1.793e-17)
(-0 -0 -2.1535e-17)
(-0 -0 3.5982e-18)
(-0 -0 3.59142e-18)
(-0 -0 3.60497e-18)
(-0 -0 2.16231e-17)
(-0 -0 3.60497e-18)
(-0 -0 -2.52755e-17)
(-0 -0 6.77626e-21)
(-0 -0 -7.23027e-18)
(-0 -0 4.34426e-17)
(-0 -0 3.6253e-18)
(-0 -0 3.63208e-18)
(-0 -0 -1.08895e-17)
(-0 -0 -2.54313e-17)
(-0 -0 7.26415e-18)
(-0 -0 2.91176e-17)
(-0 -0 -4.00748e-17)
(-0 -0 2.55262e-17)
(-0 -0 -1.09504e-17)
(-0 -0 -1.0964e-17)
(-0 -0 2.55939e-17)
(-0 -0 -2.92938e-17)
(-0 -0 7.32514e-18)
(-0 -0 -2.93277e-17)
(-0 -0 5.13844e-17)
(-0 -0 -1.83705e-17)
(-0 -0 1.47113e-17)
(-0 -0 -1.47316e-17)
(-0 -0 7.37257e-18)
(-0 -0 1.47451e-17)
(-0 -0 -4.80031e-17)
(-0 -0 1.4779e-17)
(-0 -0 2.58853e-17)
(-0 -0 -7.3929e-18)
(-0 -0 0)
(-0 -0 -7.42001e-18)
(-0 -0 1.48468e-17)
(-0 -0 3.72017e-18)
(-0 -0 -1.48739e-17)
(-0 -0 -1.48807e-17)
(-0 -0 -3.72017e-18)
(-0 -0 7.46744e-18)
(-0 -0 -2.98562e-17)
(-0 -0 3.36238e-17)
(-0 -0 -1.86957e-17)
(-0 -0 -7.47422e-18)
(-0 -0 3.75405e-18)
(-0 -0 2.62445e-17)
(-0 -0 -1.50162e-17)
(-0 -0 3.7676e-18)
(-0 -0 1.12825e-17)
(-0 -0 -7.53521e-18)
(-0 -0 -3.01408e-17)
(-0 -0 5.28006e-17)
(-0 -0 -1.51043e-17)
(-0 -0 -2.26734e-17)
(-0 -0 3.78183e-17)
(-0 -0 -3.78793e-18)
(-0 -0 7.58264e-18)
(-0 -0 -2.27615e-17)
(-0 -0 -1.89871e-17)
(-0 -0 3.03983e-17)
(-0 -0 -1.52059e-17)
(-0 -0 3.79471e-18)
(-0 -0 3.80826e-18)
(-0 -0 -1.90684e-17)
(-0 -0 -1.52601e-17)
(-0 -0 3.83537e-18)
(-0 -0 1.5294e-17)
(-0 -0 1.91429e-17)
(-0 -0 -1.53144e-17)
(-0 -0 1.91904e-17)
(-0 -0 -1.15196e-17)
(-0 -0 -6.77626e-21)
(-0 -0 1.35525e-20)
(-0 -0 -1.15468e-17)
(-0 -0 1.54228e-17)
(-0 -0 1.15671e-17)
(-0 -0 -3.47419e-17)
(-0 -0 -6.77626e-21)
(-0 -0 -1.35525e-20)
(-0 -0 2.71051e-17)
(-0 -0 -7.74527e-18)
(-0 -0 -1.93937e-17)
(-0 -0 1.9414e-17)
(-0 -0 -1.16619e-17)
(-0 -0 1.16687e-17)
(-0 -0 -1.55786e-17)
(-0 -0 1.94885e-17)
(-0 -0 -6.77626e-21)
(-0 -0 -2.73287e-17)
(-0 -0 1.9536e-17)
(-0 -0 -3.9099e-18)
(-0 -0 1.56735e-17)
(-0 -0 -3.92346e-18)
(-0 -0 -1.57006e-17)
(-0 -0 3.14148e-17)
(-0 -0 -2.35814e-17)
(-0 -0 1.18043e-17)
(-0 -0 2.36288e-17)
(-0 -0 -2.75862e-17)
(-0 -0 -3.94514e-17)
(-0 -0 2.76472e-17)
(-0 -0 2.76607e-17)
(-0 -0 -1.58294e-17)
(-0 -0 0)
(-0 -0 -1.98138e-17)
(-0 -0 0)
(-0 -0 1.58836e-17)
(-0 -0 -1.19194e-17)
(-0 -0 -3.98444e-18)
(-0 -0 2.7864e-17)
(-0 -0 -1.19466e-17)
(-0 -0 -7.98921e-18)
(-0 -0 -7.98244e-18)
(-0 -0 2.79792e-17)
(-0 -0 -4.00138e-17)
(-0 -0 2.80334e-17)
(-0 -0 -4.01832e-18)
(-0 -0 3.20924e-17)
(-0 -0 -2.81012e-17)
(-0 -0 2.81283e-17)
(-0 -0 -2.01323e-17)
(-0 -0 -3.62327e-17)
(-0 -0 2.82164e-17)
(-0 -0 2.42184e-17)
(-0 -0 -1.61614e-17)
(-0 -0 -4.04272e-17)
(-0 -0 1.61885e-17)
(-0 -0 1.35525e-20)
(-0 -0 1.21634e-17)
(-0 -0 -3.24651e-17)
(-0 -0 4.87484e-17)
(-0 -0 -6.77626e-21)
(-0 -0 8.13829e-18)
(-0 -0 -3.25803e-17)
(-0 -0 8.15862e-18)
(-0 -0 2.04033e-17)
(-0 -0 -8.1654e-18)
(-0 -0 2.45369e-17)
(-0 -0 -2.86365e-17)
(-0 -0 -1.63782e-17)
(-0 -0 -8.19928e-18)
(-0 -0 -6.77626e-21)
(-0 -0 3.69577e-17)
(-0 -0 1.64324e-17)
(-0 -0 -3.70255e-17)
(-0 -0 4.11319e-18)
(-0 -0 -4.122e-17)
(-0 -0 2.47469e-17)
(-0 -0 2.06473e-17)
(-0 -0 -6.77626e-21)
(-0 -0 -2.89753e-17)
(-0 -0 4.97107e-17)
(-0 -0 -1.24209e-17)
(-0 -0 8.30092e-18)
(-0 -0 -3.32376e-17)
(-0 -0 -2.0776e-17)
(-0 -0 2.91447e-17)
(-0 -0 -1.2509e-17)
(-0 -0 4.17418e-18)
(-0 -0 1.67103e-17)
(-0 -0 8.34836e-18)
(-0 -0 -4.18773e-18)
(-0 -0 8.36869e-18)
(-0 -0 -5.02663e-17)
(-0 -0 5.03205e-17)
(-0 -0 8.40257e-18)
(-0 -0 -2.9409e-17)
(-0 -0 -8.40934e-18)
(-0 -0 -8.40934e-18)
(-0 -0 8.4229e-18)
(-0 -0 4.20806e-18)
(-0 -0 1.26648e-17)
(-0 -0 8.45e-18)
(-0 -0 -3.38271e-17)
(-0 -0 2.9619e-17)
(-0 -0 -1.69407e-17)
(-0 -0 0)
(-0 -0 8.47711e-18)
(-0 -0 -2.12436e-17)
(-0 -0 2.97749e-17)
(-0 -0 4.23516e-18)
(-0 -0 -2.12978e-17)
(-0 -0 3.41117e-17)
(-0 -0 -3.41524e-17)
(-0 -0 -8.53132e-18)
(-0 -0 2.99308e-17)
(-0 -0 -4.27989e-17)
(-0 -0 5.14047e-17)
(-0 -0 -1.71575e-17)
(-0 -0 -3.43286e-17)
(-0 -0 4.29615e-17)
(-0 -0 4.29615e-18)
(-0 -0 -3.01273e-17)
(-0 -0 -8.61263e-18)
(-0 -0 4.31174e-17)
(-0 -0 -6.77626e-21)
(-0 -0 -2.59192e-17)
(-0 -0 4.31648e-18)
(-0 -0 4.33681e-18)
(-0 -0 2.16502e-17)
(-0 -0 -2.1684e-17)
(-0 -0 -8.68717e-18)
(-0 -0 2.17315e-17)
(-0 -0 -6.77626e-21)
(-0 -0 -5.22314e-17)
(-0 -0 3.9221e-17)
(-0 -0 3.05135e-17)
(-0 -0 -3.49181e-17)
(-0 -0 0)
(-0 -0 -4.36391e-18)
(-0 -0 1.75099e-17)
(-0 -0 -1.35525e-20)
(-0 -0 -3.9465e-17)
(-0 -0 -1.31663e-17)
(-0 -0 8.80237e-18)
(-0 -0 5.27735e-17)
(-0 -0 -3.52162e-17)
(-0 -0 4.41135e-18)
(-0 -0 3.08727e-17)
(-0 -0 -5.51656e-17)
(-0 -0 3.75541e-17)
(-0 -0 1.5477e-17)
(-0 -0 -4.42761e-17)
(-0 -0 2.21584e-18)
(-0 -0 4.2128e-17)
(-0 -0 -6.65429e-18)
(-0 -0 -3.55415e-17)
(-0 -0 2.00103e-17)
(-0 -0 -1.78012e-17)
(-0 -0 3.11844e-17)
(-0 -0 4.45878e-18)
(-0 -0 -1.78622e-17)
(-0 -0 2.22939e-18)
(-0 -0 -1.3417e-17)
(-0 -0 2.01526e-17)
(-0 -0 -1.12012e-17)
(-0 -0 -8.97855e-18)
(-0 -0 1.34712e-17)
(-0 -0 -4.49266e-18)
(-0 -0 6.74238e-18)
(-0 -0 -6.75593e-18)
(-0 -0 2.93006e-17)
(-0 -0 -2.48215e-17)
(-0 -0 2.48147e-17)
(-0 -0 -9.03954e-18)
(-0 -0 -2.26327e-18)
(-0 -0 0)
(-0 -0 1.35932e-17)
(-0 -0 -5.67038e-17)
(-0 -0 3.63343e-17)
(-0 -0 1.81807e-17)
(-0 -0 -2.7288e-17)
(-0 -0 1.5931e-17)
(-0 -0 -2.29038e-18)
(-0 -0 1.13909e-17)
(-0 -0 -4.79488e-17)
(-0 -0 7.31091e-17)
(-0 -0 -4.11658e-17)
(-0 -0 -1.60326e-17)
(-0 -0 1.83298e-17)
(-0 -0 2.29309e-17)
(-0 -0 -5.28074e-17)
(-0 -0 1.15061e-17)
(-0 -0 -3.22008e-17)
(-0 -0 3.22415e-17)
(-0 -0 2.53364e-17)
(-0 -0 -2.9985e-17)
(-0 -0 4.60786e-18)
(-0 -0 1.61817e-17)
(-0 -0 -2.08099e-17)
(-0 -0 -1.39049e-17)
(-0 -0 2.55059e-17)
(-0 -0 -2.31748e-18)
(-0 -0 -9.28348e-18)
(-0 -0 1.85805e-17)
(-0 -0 -1.39523e-17)
(-0 -0 -2.7925e-17)
(-0 -0 7.92213e-17)
(-0 -0 -3.49926e-17)
(-0 -0 -3.50333e-17)
(-0 -0 3.0378e-17)
(-0 -0 2.57227e-17)
(-0 -0 -3.74592e-17)
(-0 -0 5.38984e-17)
(-0 -0 -5.86418e-17)
(-0 -0 -2.11081e-17)
(-0 -0 -1.17433e-17)
(-0 -0 5.41085e-17)
(-0 -0 1.41217e-17)
(-0 -0 -2.12097e-17)
(-0 -0 7.07442e-18)
(-0 -0 -1.65341e-17)
(-0 -0 2.83587e-17)
(-0 -0 -3.31292e-17)
(-0 -0 -2.36492e-18)
(-0 -0 3.08117e-17)
(-0 -0 -2.37169e-17)
(-0 -0 3.32308e-17)
(-0 -0 -1.6629e-17)
(-0 -0 -7.13541e-18)
(-0 -0 4.75694e-18)
(-0 -0 -1.90616e-17)
(-0 -0 2.38524e-18)
(-0 -0 7.16929e-18)
(-0 -0 3.10692e-17)
(-0 -0 -5.50233e-17)
(-0 -0 -2.39405e-17)
(-0 -0 5.27329e-17)
(-0 -0 1.91904e-17)
(-0 -0 -4.08338e-17)
(-0 -0 2.41235e-18)
(-0 -0 5.05103e-17)
(-0 -0 -3.13063e-17)
(-0 -0 4.8247e-18)
(-0 -0 -2.17111e-17)
(-0 -0 2.41438e-17)
(-0 -0 9.6494e-18)
(-0 -0 -3.14554e-17)
(-0 -0 3.14757e-17)
(-0 -0 -2.66646e-17)
(-0 -0 -3.88077e-17)
(-0 -0 4.8579e-17)
(-0 -0 4.85858e-18)
(-0 -0 0)
(-0 -0 -3.89703e-17)
(-0 -0 2.92464e-17)
(-0 -0 3.17129e-17)
(-0 -0 2.43945e-18)
(-0 -0 -9.77815e-18)
(-0 -0 -5.38306e-17)
(-0 -0 2.69356e-17)
(-0 -0 2.45097e-17)
(-0 -0 2.20838e-17)
(-0 -0 -3.1923e-17)
(-0 -0 2.45978e-18)
(-0 -0 -9.83236e-18)
(-0 -0 -2.21719e-17)
(-0 -0 1.23328e-17)
(-0 -0 -1.47926e-17)
(-0 -0 2.96258e-17)
(-0 -0 4.95345e-18)
(-0 -0 -2.48011e-18)
(-0 -0 -3.2194e-17)
(-0 -0 2.72609e-17)
(-0 -0 3.72152e-17)
(-0 -0 -6.20909e-17)
(-0 -0 1.24412e-17)
(-0 -0 9.96111e-18)
(-0 -0 1.74285e-17)
(-0 -0 -2.2443e-17)
(-0 -0 1.7476e-17)
(-0 -0 -3.24448e-17)
(-0 -0 2.99985e-17)
(-0 -0 2.50722e-18)
(-0 -0 -4.50757e-17)
(-0 -0 1.00424e-17)
(-0 -0 3.51214e-17)
(-0 -0 -1.75776e-17)
(-0 -0 1.257e-17)
(-0 -0 2.01255e-17)
(-0 -0 -5.03612e-17)
(-0 -0 5.04832e-18)
(-0 -0 -2.27073e-17)
(-0 -0 2.27276e-17)
(-0 -0 1.77064e-17)
(-0 -0 4.80844e-17)
(-0 -0 -4.05288e-17)
(-0 -0 -3.04186e-17)
(-0 -0 -7.60974e-18)
(-0 -0 3.55618e-17)
(-0 -0 -3.05135e-17)
(-0 -0 0)
(-0 -0 4.07524e-17)
(-0 -0 -1.02051e-17)
(-0 -0 -2.80605e-17)
(-0 -0 2.55465e-18)
(-0 -0 2.04643e-17)
(-0 -0 1.28004e-17)
(-0 -0 -3.84079e-17)
(-0 -0 2.56143e-18)
(-0 -0 5.38916e-17)
(-0 -0 -2.8257e-17)
(-0 -0 -4.11387e-17)
(-0 -0 2.05931e-17)
(-0 -0 -3.09133e-17)
(-0 -0 2.57701e-17)
(-0 -0 3.09607e-17)
(-0 -0 1.03338e-17)
(-0 -0 2.58853e-18)
(-0 -0 2.84603e-17)
(-0 -0 -1.29494e-17)
(-0 -0 -2.5926e-17)
(-0 -0 -4.41067e-17)
(-0 -0 3.37661e-17)
(-0 -0 -4.16063e-17)
(-0 -0 7.80829e-17)
(-0 -0 -6.77288e-17)
(-0 -0 2.60683e-17)
(-0 -0 -5.21772e-18)
(-0 -0 -1.30646e-17)
(-0 -0 -1.30646e-17)
(-0 -0 2.87923e-17)
(-0 -0 1.04626e-17)
(-0 -0 1.04761e-17)
(-0 -0 -2.88804e-17)
(-0 -0 2.36424e-17)
(-0 -0 0)
(-0 -0 2.89618e-17)
(-0 -0 -4.47708e-17)
(-0 -0 3.69239e-17)
(-0 -0 7.9079e-18)
(-0 -0 -5.01918e-17)
(-0 -0 -1.587e-17)
(-0 -0 7.935e-18)
(-0 -0 6.77626e-21)
(-0 -0 1.06116e-17)
(-0 -0 1.85805e-17)
(-0 -0 1.5931e-17)
(-0 -0 1.86076e-17)
(-0 -0 -4.25888e-17)
(-0 -0 5.33292e-18)
(-0 -0 -3.46741e-17)
(-0 -0 -8.00277e-18)
(-0 -0 1.33492e-17)
(-0 -0 4.27853e-17)
(-0 -0 -2.1413e-17)
(-0 -0 -2.6834e-18)
(-0 -0 1.34102e-17)
(-0 -0 -2.67662e-18)
(-0 -0 -1.07539e-17)
(-0 -0 3.76557e-17)
(-0 -0 -2.82638e-17)
(-0 -0 -2.69018e-18)
(-0 -0 -3.64021e-17)
(-0 -0 4.99411e-17)
(-0 -0 -9.45289e-18)
(-0 -0 0)
(-0 -0 3.65444e-17)
(-0 -0 -3.79267e-17)
(-0 -0 -4.88162e-17)
(-0 -0 5.02257e-17)
(-0 -0 3.66799e-17)
(-0 -0 -1.49688e-17)
(-0 -0 -4.49266e-17)
(-0 -0 6.40154e-17)
(-0 -0 -2.86433e-17)
(-0 -0 -1.36474e-17)
(-0 -0 -6.77626e-21)
(-0 -0 -8.20606e-18)
(-0 -0 -9.58841e-18)
(-0 -0 -3.83672e-17)
(-0 -0 5.62227e-17)
(-0 -0 3.15638e-17)
(-0 -0 -5.90755e-17)
(-0 -0 1.92514e-17)
(-0 -0 3.9919e-17)
(-0 -0 -5.78693e-17)
(-0 -0 4.96429e-17)
(-0 -0 1.93191e-17)
(-0 -0 -5.52537e-17)
(-0 -0 2.35069e-17)
(-0 -0 -2.90702e-17)
(-0 -0 4.29547e-17)
(-0 -0 1.66493e-17)
(-0 -0 -6.94228e-17)
(-0 -0 7.78118e-17)
(-0 -0 -5.56331e-17)
(-0 -0 -3.20178e-17)
(-0 -0 3.20517e-17)
(-0 -0 1.53415e-17)
(-0 -0 -9.77137e-18)
(-0 -0 9.77137e-18)
(-0 -0 -6.29379e-17)
(-0 -0 4.33884e-17)
(-0 -0 -5.61075e-18)
(-0 -0 9.81203e-18)
(-0 -0 5.61075e-18)
(-0 -0 2.24769e-17)
(-0 -0 1.40607e-17)
(-0 -0 -2.25175e-17)
(-0 -0 -4.22839e-18)
(-0 -0 -4.2311e-17)
(-0 -0 1.27055e-17)
(-0 -0 -2.54245e-17)
(-0 -0 5.09168e-17)
(-0 -0 -3.68154e-17)
(-0 -0 4.25549e-18)
(-0 -0 -2.12707e-17)
(-0 -0 6.10541e-17)
(-0 -0 1.4203e-17)
(-0 -0 -3.69713e-17)
(-0 -0 -1.56599e-17)
(-0 -0 -2.56482e-17)
(-0 -0 3.70933e-17)
(-0 -0 -8.5652e-18)
(-0 -0 2.5743e-17)
(-0 -0 1.42979e-17)
(-0 -0 1.57413e-17)
(-0 -0 -2.29309e-17)
(-0 -0 -3.15571e-17)
(-0 -0 3.44573e-17)
(-0 -0 -2.87381e-17)
(-0 -0 1.44334e-18)
(-0 -0 5.03883e-17)
(-0 -0 -2.88262e-17)
(-0 -0 -1.73066e-17)
(-0 -0 -1.73201e-17)
(-0 -0 -8.66684e-18)
(-0 -0 5.64124e-17)
(-0 -0 1.59242e-17)
(-0 -0 -5.07136e-17)
(-0 -0 -7.2506e-18)
(-0 -0 -1.88651e-17)
(-0 -0 -2.17925e-17)
(-0 -0 6.69088e-17)
(-0 -0 3.49452e-17)
(-0 -0 -7.28584e-17)
(-0 -0 1.16619e-17)
(-0 -0 4.96497e-17)
(-0 -0 -5.40678e-17)
(-0 -0 2.63461e-17)
(-0 -0 -5.41762e-17)
(-0 -0 4.10371e-17)
(-0 -0 -4.41135e-18)
(-0 -0 -1.47723e-18)
(-0 -0 0)
(-0 -0 -3.08998e-17)
(-0 -0 3.82859e-17)
(-0 -0 7.3658e-18)
(-0 -0 2.65358e-17)
(-0 -0 -2.50993e-17)
(-0 -0 -5.61549e-17)
(-0 -0 -8.87013e-18)
(-0 -0 3.55415e-17)
(-0 -0 2.968e-18)
(-0 -0 5.92923e-18)
(-0 -0 -1.484e-18)
(-0 -0 5.95634e-18)
(-0 -0 3.57109e-17)
(-0 -0 7.42678e-18)
(-0 -0 -4.62073e-17)
(-0 -0 5.37087e-17)
(-0 -0 -4.62887e-17)
(-0 -0 -7.47422e-18)
(-0 -0 7.48777e-18)
(-0 -0 1.19872e-17)
(-0 -0 -1.04897e-17)
(-0 -0 3.45047e-17)
(-0 -0 -6.00512e-17)
(-0 -0 4.65936e-17)
(-0 -0 1.95563e-17)
(-0 -0 1.35525e-17)
(-0 -0 -8.29008e-17)
(-0 -0 5.05509e-17)
(-0 -0 -5.58771e-17)
(-0 -0 4.15724e-17)
(-0 -0 6.42932e-17)
(-0 -0 -1.89329e-17)
(-0 -0 -6.06272e-17)
(-0 -0 7.12998e-17)
(-0 -0 -3.79674e-17)
(-0 -0 -5.16893e-17)
(-0 -0 2.66239e-17)
(-0 -0 -2.28563e-17)
(-0 -0 1.44877e-17)
(-0 -0 -7.58942e-19)
(-0 -0 -6.87791e-18)
(-0 -0 2.82773e-17)
(-0 -0 1.60733e-17)
(-0 -0 -3.90652e-17)
(-0 -0 3.22008e-17)
(-0 -0 1.917e-17)
(-0 -0 -2.99646e-17)
(-0 -0 -3.53585e-17)
(-0 -0 4.62819e-18)
(-0 -0 6.00648e-17)
(-0 -0 2.15756e-17)
(-0 -0 -7.94788e-17)
(-0 -0 3.3983e-17)
(-0 -0 6.17995e-18)
(-0 -0 2.39947e-17)
(-0 -0 -5.26719e-17)
(-0 -0 -7.7927e-19)
(-0 -0 -1.55176e-18)
(-0 -0 3.72694e-17)
(-0 -0 -6.29447e-17)
(-0 -0 -1.71168e-17)
(-0 -0 8.87758e-17)
(-0 -0 -4.67562e-18)
(-0 -0 7.02021e-18)
(-0 -0 -2.03085e-17)
(-0 -0 9.37157e-18)
(-0 -0 7.92823e-19)
(-0 -0 -1.33086e-17)
(-0 -0 1.01847e-17)
(-0 -0 2.03966e-17)
(-0 -0 -6.51809e-17)
(-0 -0 -1.96579e-17)
(-0 -0 3.06965e-17)
(-0 -0 1.41827e-17)
(-0 -0 4.09828e-17)
(-0 -0 1.56532e-18)
(-0 -0 -4.81928e-17)
(-0 -0 3.24176e-17)
(-0 -0 4.73661e-18)
(-0 -0 1.7415e-17)
(-0 -0 -9.51387e-18)
(-0 -0 -4.20535e-17)
(-0 -0 3.97767e-18)
(-0 -0 3.97563e-17)
(-0 -0 -3.73982e-17)
(-0 -0 -3.98444e-18)
(-0 -0 -8.06375e-19)
(-0 -0 1.03745e-17)
(-0 -0 -2.07692e-17)
(-0 -0 -1.5992e-18)
(-0 -0 -3.24312e-17)
(-0 -0 8.52996e-17)
(-0 -0 -3.88958e-17)
(-0 -0 1.56599e-17)
(-0 -0 -1.61275e-18)
(-0 -0 -8.84302e-18)
(-0 -0 -3.09743e-17)
(-0 -0 5.35731e-17)
(-0 -0 -4.83757e-17)
(-0 -0 1.45283e-17)
(-0 -0 6.70444e-17)
(-0 -0 -7.11575e-17)
(-0 -0 -5.66496e-17)
(-0 -0 3.84824e-17)
(-0 -0 3.89229e-17)
(-0 -0 -4.25956e-17)
(-0 -0 3.5738e-17)
(-0 -0 -1.46367e-17)
(-0 -0 -7.72494e-18)
(-0 -0 -3.65918e-18)
(-0 -0 -2.85416e-17)
(-0 -0 5.7544e-17)
(-0 -0 -4.28734e-17)
(-0 -0 2.0444e-17)
(-0 -0 -8.59908e-18)
(-0 -0 -1.14722e-17)
(-0 -0 7.25738e-17)
(-0 -0 -4.67901e-17)
(-0 -0 3.20246e-17)
(-0 -0 3.53518e-17)
(-0 -0 -8.27246e-17)
(-0 -0 5.06593e-17)
(-0 -0 -6.77626e-21)
(-0 -0 -9.47999e-18)
(-0 -0 -1.38304e-17)
(-0 -0 2.50044e-17)
(-0 -0 -5.38713e-18)
(-0 -0 9.94078e-18)
(-0 -0 -2.83993e-17)
(-0 -0 3.31359e-18)
(-0 -0 3.53043e-18)
(-0 -0 -1.10114e-17)
(-0 -0 1.81062e-17)
(-0 -0 -1.85331e-17)
(-0 -0 -3.21059e-17)
(-0 -0 -1.04354e-18)
(-0 -0 3.11166e-17)
(-0 -0 -8.15862e-18)
(-0 -0 -3.68222e-17)
(-0 -0 2.93209e-17)
(-0 -0 5.15606e-17)
(-0 -0 -4.43913e-17)
(-0 -0 -1.26716e-18)
(-0 -0 1.7022e-17)
(-0 -0 -2.78775e-17)
(-0 -0 5.57009e-18)
(-0 -0 2.28767e-17)
(-0 -0 1.14925e-17)
(-0 -0 -1.80249e-18)
(-0 -0 -3.09675e-17)
(-0 -0 5.17842e-17)
(-0 -0 -3.74456e-17)
(-0 -0 3.0832e-18)
(-0 -0 3.74524e-17)
(-0 -0 -6.31616e-17)
(-0 -0 2.13046e-17)
(-0 -0 -3.92346e-18)
(-0 -0 5.80048e-18)
(-0 -0 -1.79503e-17)
)
;

boundaryField
{
    bottom
    {
        type            calculated;
        value           uniform (-0 -0 -1.69407e-21);
    }
    top
    {
        type            calculated;
        value           uniform (-0 -0 6.84403e-18);
    }
    sidesX
    {
        type            empty;
    }
    sidesY
    {
        type            empty;
    }
}


// ************************************************************************* //
