/*--------------------------------*- C++ -*----------------------------------*\
| =========                 |                                                 |
| \\      /  F ield         | OpenFOAM: The Open Source CFD Toolbox           |
|  \\    /   O peration     | Version:  v2012                                 |
|   \\  /    A nd           | Website:  www.openfoam.com                      |
|    \\/     M anipulation  |                                                 |
\*---------------------------------------------------------------------------*/
FoamFile
{
    version     2.0;
    format      ascii;
    class       volVectorField;
    location    "49.5";
    object      Nb;
}
// * * * * * * * * * * * * * * * * * * * * * * * * * * * * * * * * * * * * * //

dimensions      [1 -2 -1 0 0 0 0];


internalField   nonuniform List<vector> 
3200
(
(-0 -0 5.12031e-19)
(-0 -0 8.53809e-19)
(-0 -0 -3.44319e-19)
(-0 -0 -1.88084e-18)
(-0 -0 2.74185e-18)
(-0 -0 -2.05702e-18)
(-0 -0 -6.84403e-19)
(-0 -0 6.88214e-19)
(-0 -0 8.58044e-19)
(-0 -0 -3.43895e-19)
(-0 -0 -8.61009e-19)
(-0 -0 1.03169e-18)
(-0 -0 -2.93158e-18)
(-0 -0 1.21126e-18)
(-0 -0 3.10946e-18)
(-0 -0 -6.92026e-19)
(-0 -0 -2.7698e-18)
(-0 -0 1.04016e-18)
(-0 -0 -5.22619e-19)
(-0 -0 -1.91133e-18)
(-0 -0 3.47538e-18)
(-0 -0 1.73938e-18)
(-0 -0 -5.22069e-18)
(-0 -0 2.96546e-18)
(-0 -0 2.26497e-18)
(-0 -0 -2.27132e-18)
(-0 -0 -1.57379e-18)
(-0 -0 1.22312e-18)
(-0 -0 1.76606e-19)
(-0 -0 -1.22947e-18)
(-0 -0 3.5406e-19)
(-0 -0 8.76679e-19)
(-0 -0 -1.75759e-19)
(-0 -0 -2.28487e-18)
(-0 -0 2.11165e-18)
(-0 -0 1.05667e-18)
(-0 -0 -5.30666e-19)
(-0 -0 -1.7631e-18)
(-0 -0 3.55754e-19)
(-0 -0 7.06425e-19)
(-0 -0 -2.30393e-18)
(-0 -0 -1.75336e-19)
(-0 -0 5.32148e-18)
(-0 -0 -3.01586e-18)
(-0 -0 2.13071e-18)
(-0 -0 -1.77877e-18)
(-0 -0 2.67027e-18)
(-0 -0 -3.20729e-18)
(-0 -0 -1.75336e-19)
(-0 -0 3.59989e-19)
(-0 -0 -1.25022e-18)
(-0 -0 2.14765e-18)
(-0 -0 -8.9362e-19)
(-0 -0 2.50976e-18)
(-0 -0 -3.76718e-18)
(-0 -0 8.95314e-19)
(-0 -0 1.81265e-19)
(-0 -0 5.42525e-19)
(-0 -0 8.98702e-19)
(-0 -0 -9.04208e-19)
(-0 -0 1.26166e-18)
(-0 -0 9.05478e-19)
(-0 -0 -2.5322e-18)
(-0 -0 -9.08443e-19)
(-0 -0 1.80884e-18)
(-0 -0 -5.44219e-19)
(-0 -0 -1.45351e-18)
(-0 -0 3.6325e-18)
(-0 -0 -3.0904e-18)
(-0 -0 3.45971e-18)
(-0 -0 -2.54703e-18)
(-0 -0 -1.09648e-18)
(-0 -0 3.28395e-18)
(-0 -0 -2.19127e-18)
(-0 -0 -5.50995e-19)
(-0 -0 2.3755e-18)
(-0 -0 7.31836e-19)
(-0 -0 -2.75074e-18)
(-0 -0 -3.66342e-19)
(-0 -0 -1.8423e-19)
(-0 -0 -1.4713e-18)
(-0 -0 1.83849e-18)
(-0 -0 -3.70577e-19)
(-0 -0 7.39036e-19)
(-0 -0 -5.56077e-19)
(-0 -0 -1.82959e-19)
(-0 -0 1.66527e-18)
(-0 -0 -1.66527e-18)
(-0 -0 -1.66442e-18)
(-0 -0 1.11046e-18)
(-0 -0 1.29723e-18)
(-0 -0 2.78674e-18)
(-0 -0 -5.76491e-18)
(-0 -0 3.90863e-18)
(-0 -0 7.42424e-19)
(-0 -0 -2.60971e-18)
(-0 -0 1.49247e-18)
(-0 -0 -2.05702e-18)
(-0 -0 -1.6839e-18)
(-0 -0 3.55839e-18)
(-0 -0 1.86771e-19)
(-0 -0 1.69068e-18)
(-0 -0 -3.00316e-18)
(-0 -0 -1.68856e-18)
(-0 -0 1.68983e-18)
(-0 -0 1.86347e-19)
(-0 -0 -2.63597e-18)
(-0 -0 5.64124e-19)
(-0 -0 -3.75236e-19)
(-0 -0 2.07904e-18)
(-0 -0 1.88931e-18)
(-0 -0 -9.44442e-19)
(-0 -0 -1.32349e-18)
(-0 -0 3.22635e-18)
(-0 -0 -1.89693e-18)
(-0 -0 -2.08921e-18)
(-0 -0 2.85323e-18)
(-0 -0 7.58942e-19)
(-0 -0 7.60636e-19)
(-0 -0 -5.3397e-18)
(-0 -0 2.09641e-18)
(-0 -0 5.75135e-19)
(-0 -0 -3.80318e-19)
(-0 -0 -5.73441e-19)
(-0 -0 2.30308e-18)
(-0 -0 -7.69106e-19)
(-0 -0 7.68259e-19)
(-0 -0 -1.34339e-18)
(-0 -0 -1.15451e-18)
(-0 -0 -3.83706e-19)
(-0 -0 -1.15874e-18)
(-0 -0 3.27886e-18)
(-0 -0 1.73896e-18)
(-0 -0 -2.70288e-18)
(-0 -0 -5.79371e-19)
(-0 -0 -1.16298e-18)
(-0 -0 3.84553e-19)
(-0 -0 5.81912e-19)
(-0 -0 3.10353e-18)
(-0 -0 1.98206e-19)
(-0 -0 -7.77576e-19)
(-0 -0 -1.91429e-19)
(-0 -0 -2.72575e-18)
(-0 -0 4.48589e-18)
(-0 -0 -2.53517e-18)
(-0 -0 -1.56108e-18)
(-0 -0 1.75844e-18)
(-0 -0 -1.17653e-18)
(-0 -0 -1.17907e-18)
(-0 -0 -1.96512e-19)
(-0 -0 2.74862e-18)
(-0 -0 3.91329e-19)
(-0 -0 -1.18076e-18)
(-0 -0 -1.37982e-18)
(-0 -0 3.15266e-18)
(-0 -0 -9.89334e-19)
(-0 -0 -1.77708e-18)
(-0 -0 -7.91976e-19)
(-0 -0 3.55754e-18)
(-0 -0 -3.98105e-19)
(-0 -0 -2.9697e-18)
(-0 -0 2.38186e-18)
(-0 -0 1.98883e-18)
(-0 -0 -8.47033e-22)
(-0 -0 -2.78335e-18)
(-0 -0 -2.5411e-21)
(-0 -0 -2.98833e-18)
(-0 -0 2.99172e-18)
(-0 -0 1.99476e-18)
(-0 -0 -6.0224e-19)
(-0 -0 -3.99969e-18)
(-0 -0 1.60089e-18)
(-0 -0 3.38813e-21)
(-0 -0 6.03934e-19)
(-0 -0 -3.998e-19)
(-0 -0 1.20702e-18)
(-0 -0 -2.20991e-18)
(-0 -0 1.81604e-18)
(-0 -0 3.22381e-18)
(-0 -0 -3.2255e-18)
(-0 -0 2.01763e-18)
(-0 -0 2.00747e-19)
(-0 -0 -8.06375e-19)
(-0 -0 -4.04882e-18)
(-0 -0 2.63597e-18)
(-0 -0 2.03119e-18)
(-0 -0 -8.13999e-19)
(-0 -0 -2.43861e-18)
(-0 -0 1.62461e-18)
(-0 -0 -4.09964e-19)
(-0 -0 4.05729e-19)
(-0 -0 2.03966e-18)
(-0 -0 -2.04304e-18)
(-0 -0 2.86212e-18)
(-0 -0 -2.04304e-18)
(-0 -0 -8.47033e-22)
(-0 -0 -2.04643e-18)
(-0 -0 -1.23328e-18)
(-0 -0 2.86975e-18)
(-0 -0 -2.46741e-18)
(-0 -0 -4.14199e-19)
(-0 -0 3.29242e-18)
(-0 -0 4.12505e-19)
(-0 -0 4.09964e-19)
(-0 -0 -2.47588e-18)
(-0 -0 8.24163e-19)
(-0 -0 -8.30092e-19)
(-0 -0 2.48181e-18)
(-0 -0 -4.1674e-19)
(-0 -0 -8.30939e-19)
(-0 -0 -4.15046e-19)
(-0 -0 -4.13352e-19)
(-0 -0 -2.49536e-18)
(-0 -0 2.07947e-18)
(-0 -0 3.33223e-18)
(-0 -0 -2.08455e-18)
(-0 -0 1.25361e-18)
(-0 -0 8.47033e-22)
(-0 -0 -8.47033e-22)
(-0 -0 -1.2553e-18)
(-0 -0 -1.25784e-18)
(-0 -0 0)
(-0 -0 4.19281e-19)
(-0 -0 8.41104e-19)
(-0 -0 -1.26039e-18)
(-0 -0 4.21822e-19)
(-0 -0 3.37204e-18)
(-0 -0 -1.69068e-18)
(-0 -0 -2.10742e-18)
(-0 -0 1.69407e-21)
(-0 -0 4.22669e-19)
(-0 -0 8.43645e-19)
(-0 -0 1.6983e-18)
(-0 -0 -1.27055e-18)
(-0 -0 -2.9697e-18)
(-0 -0 1.27902e-18)
(-0 -0 1.70169e-18)
(-0 -0 -2.55211e-18)
(-0 -0 1.28241e-18)
(-0 -0 -3.41354e-18)
(-0 -0 2.98749e-18)
(-0 -0 -4.3114e-19)
(-0 -0 -2.5411e-21)
(-0 -0 8.57197e-19)
(-0 -0 2.14638e-18)
(-0 -0 -3.00273e-18)
(-0 -0 3.00527e-18)
(-0 -0 -2.5826e-18)
(-0 -0 3.44319e-18)
(-0 -0 -5.16944e-18)
(-0 -0 3.44658e-18)
(-0 -0 -2.58769e-18)
(-0 -0 -1.29511e-18)
(-0 -0 2.16332e-18)
(-0 -0 -4.31987e-19)
(-0 -0 8.64821e-19)
(-0 -0 -1.2985e-18)
(-0 -0 2.17179e-18)
(-0 -0 2.5411e-21)
(-0 -0 -1.30443e-18)
(-0 -0 1.30358e-18)
(-0 -0 -1.74065e-18)
(-0 -0 4.37916e-19)
(-0 -0 -4.33681e-19)
(-0 -0 -4.34528e-19)
(-0 -0 -8.74985e-19)
(-0 -0 -1.69407e-21)
(-0 -0 -3.38813e-21)
(-0 -0 2.62919e-18)
(-0 -0 -1.31544e-18)
(-0 -0 2.5411e-21)
(-0 -0 8.47033e-22)
(-0 -0 -8.80914e-19)
(-0 -0 1.32137e-18)
(-0 -0 -4.42151e-19)
(-0 -0 1.32476e-18)
(-0 -0 -1.3273e-18)
(-0 -0 1.32899e-18)
(-0 -0 0)
(-0 -0 2.21584e-18)
(-0 -0 -3.99376e-18)
(-0 -0 -1.33577e-18)
(-0 -0 2.22516e-18)
(-0 -0 8.85996e-19)
(-0 -0 1.33662e-18)
(-0 -0 -3.11878e-18)
(-0 -0 8.9362e-19)
(-0 -0 4.42998e-19)
(-0 -0 2.67832e-18)
(-0 -0 -4.91618e-18)
(-0 -0 4.02679e-18)
(-0 -0 -3.58718e-18)
(-0 -0 2.24379e-18)
(-0 -0 -8.94467e-19)
(-0 -0 -4.51469e-19)
(-0 -0 8.99549e-19)
(-0 -0 -4.49774e-19)
(-0 -0 -8.47033e-22)
(-0 -0 8.47033e-22)
(-0 -0 -9.02937e-19)
(-0 -0 1.3561e-18)
(-0 -0 -1.80926e-18)
(-0 -0 5.43202e-18)
(-0 -0 -3.17299e-18)
(-0 -0 -1.69407e-21)
(-0 -0 9.08019e-19)
(-0 -0 -3.63716e-18)
(-0 -0 2.27259e-18)
(-0 -0 -2.27428e-18)
(-0 -0 1.36711e-18)
(-0 -0 1.36626e-18)
(-0 -0 1.82959e-18)
(-0 -0 -4.5672e-18)
(-0 -0 3.20263e-18)
(-0 -0 -3.20178e-18)
(-0 -0 3.66257e-18)
(-0 -0 1.37389e-18)
(-0 -0 -3.21449e-18)
(-0 -0 2.29885e-18)
(-0 -0 -3.68205e-18)
(-0 -0 -1.37728e-18)
(-0 -0 1.8423e-18)
(-0 -0 3.69137e-18)
(-0 -0 1.69407e-21)
(-0 -0 -3.23567e-18)
(-0 -0 9.27501e-19)
(-0 -0 9.26654e-19)
(-0 -0 2.31579e-18)
(-0 -0 -3.24583e-18)
(-0 -0 -2.32426e-18)
(-0 -0 2.32256e-18)
(-0 -0 -4.65868e-19)
(-0 -0 3.26192e-18)
(-0 -0 -3.26192e-18)
(-0 -0 1.40099e-18)
(-0 -0 4.68409e-19)
(-0 -0 -4.67562e-19)
(-0 -0 -9.3343e-19)
(-0 -0 0)
(-0 -0 -4.7095e-19)
(-0 -0 3.75236e-18)
(-0 -0 -5.16182e-18)
(-0 -0 0)
(-0 -0 3.76083e-18)
(-0 -0 1.69407e-21)
(-0 -0 -4.68409e-19)
(-0 -0 -4.71797e-18)
(-0 -0 3.77438e-18)
(-0 -0 -9.45289e-19)
(-0 -0 -2.36746e-18)
(-0 -0 5.20925e-18)
(-0 -0 -2.84434e-18)
(-0 -0 0)
(-0 -0 4.27667e-18)
(-0 -0 -3.80233e-18)
(-0 -0 -9.50371e-19)
(-0 -0 2.38186e-18)
(-0 -0 -9.50371e-19)
(-0 -0 -3.33731e-18)
(-0 -0 9.53759e-19)
(-0 -0 4.30208e-18)
(-0 -0 -2.5411e-21)
(-0 -0 -1.91514e-18)
(-0 -0 9.59688e-19)
(-0 -0 -2.40049e-18)
(-0 -0 4.78574e-19)
(-0 -0 1.69407e-21)
(-0 -0 3.36696e-18)
(-0 -0 -1.44504e-18)
(-0 -0 4.80268e-19)
(-0 -0 -4.34274e-18)
(-0 -0 2.41489e-18)
(-0 -0 -9.67312e-19)
(-0 -0 1.44927e-18)
(-0 -0 9.707e-19)
(-0 -0 -2.90786e-18)
(-0 -0 1.45351e-18)
(-0 -0 9.69006e-19)
(-0 -0 -4.86197e-19)
(-0 -0 1.94563e-18)
(-0 -0 -3.89212e-18)
(-0 -0 2.92311e-18)
(-0 -0 -4.89585e-19)
(-0 -0 -1.95665e-18)
(-0 -0 2.5411e-21)
(-0 -0 -9.76629e-19)
(-0 -0 4.87044e-19)
(-0 -0 2.44877e-18)
(-0 -0 -4.92126e-19)
(-0 -0 -4.88738e-19)
(-0 -0 1.96427e-18)
(-0 -0 -1.47299e-18)
(-0 -0 -4.92973e-19)
(-0 -0 2.5411e-21)
(-0 -0 2.46656e-18)
(-0 -0 4.95514e-19)
(-0 -0 -6.42644e-18)
(-0 -0 3.95903e-18)
(-0 -0 -4.96361e-19)
(-0 -0 2.5411e-21)
(-0 -0 9.91876e-19)
(-0 -0 1.9846e-18)
(-0 -0 -9.95264e-19)
(-0 -0 -1.49163e-18)
(-0 -0 -2.98833e-18)
(-0 -0 0)
(-0 -0 2.49282e-18)
(-0 -0 4.98055e-19)
(-0 -0 3.50248e-18)
(-0 -0 -5.00596e-18)
(-0 -0 4.50876e-18)
(-0 -0 -3.00697e-18)
(-0 -0 -5.01444e-19)
(-0 -0 2.01086e-18)
(-0 -0 -4.02087e-18)
(-0 -0 1.50857e-18)
(-0 -0 -1.00712e-18)
(-0 -0 2.51992e-18)
(-0 -0 5.03138e-19)
(-0 -0 1.51619e-18)
(-0 -0 -4.04204e-18)
(-0 -0 -1.69407e-21)
(-0 -0 4.56043e-18)
(-0 -0 -3.55076e-18)
(-0 -0 1.01305e-18)
(-0 -0 -1.52466e-18)
(-0 -0 4.06576e-18)
(-0 -0 -4.58245e-18)
(-0 -0 1.52805e-18)
(-0 -0 -2.54788e-18)
(-0 -0 2.55126e-18)
(-0 -0 5.09914e-19)
(-0 -0 2.04813e-18)
(-0 -0 -5.13302e-19)
(-0 -0 -2.04813e-18)
(-0 -0 5.11608e-19)
(-0 -0 -1.53821e-18)
(-0 -0 1.69407e-21)
(-0 -0 5.1669e-19)
(-0 -0 1.02999e-18)
(-0 -0 -1.03169e-18)
(-0 -0 1.54838e-18)
(-0 -0 1.03169e-18)
(-0 -0 -1.03169e-18)
(-0 -0 -2.58345e-18)
(-0 -0 -1.55346e-18)
(-0 -0 2.58514e-18)
(-0 -0 -1.55685e-18)
(-0 -0 1.03507e-18)
(-0 -0 2.5987e-18)
(-0 -0 -2.07523e-18)
(-0 -0 1.04016e-18)
(-0 -0 1.69407e-21)
(-0 -0 2.08878e-18)
(-0 -0 -1.69407e-21)
(-0 -0 -3.65579e-18)
(-0 -0 1.56871e-18)
(-0 -0 -2.61733e-18)
(-0 -0 -2.09725e-18)
(-0 -0 4.19451e-18)
(-0 -0 -3.67612e-18)
(-0 -0 1.57548e-18)
(-0 -0 2.10064e-18)
(-0 -0 -2.63258e-18)
(-0 -0 0)
(-0 -0 2.1125e-18)
(-0 -0 -1.0554e-18)
(-0 -0 2.11081e-18)
(-0 -0 2.64444e-18)
(-0 -0 -1.05879e-18)
(-0 -0 -3.70662e-18)
(-0 -0 4.77049e-18)
(-0 -0 -3.71678e-18)
(-0 -0 1.06049e-18)
(-0 -0 -1.5975e-18)
(-0 -0 5.33631e-19)
(-0 -0 1.5975e-18)
(-0 -0 -1.60089e-18)
(-0 -0 1.60428e-18)
(-0 -0 -3.20348e-18)
(-0 -0 2.13452e-18)
(-0 -0 1.07065e-18)
(-0 -0 1.07573e-18)
(-0 -0 -4.8247e-18)
(-0 -0 1.60767e-18)
(-0 -0 1.07404e-18)
(-0 -0 2.15316e-18)
(-0 -0 -2.69018e-18)
(-0 -0 5.37019e-19)
(-0 -0 1.08081e-18)
(-0 -0 1.61953e-18)
(-0 -0 -5.37019e-19)
(-0 -0 -3.78285e-18)
(-0 -0 -5.42101e-19)
(-0 -0 3.25261e-18)
(-0 -0 -1.69407e-21)
(-0 -0 -1.6263e-18)
(-0 -0 3.80487e-18)
(-0 -0 -2.17687e-18)
(-0 -0 -3.26446e-18)
(-0 -0 5.42101e-19)
(-0 -0 2.18535e-18)
(-0 -0 1.09267e-18)
(-0 -0 -3.82181e-18)
(-0 -0 3.8252e-18)
(-0 -0 -5.48877e-19)
(-0 -0 1.09437e-18)
(-0 -0 -3.29326e-18)
(-0 -0 3.84045e-18)
(-0 -0 -3.29665e-18)
(-0 -0 1.09606e-18)
(-0 -0 1.09775e-18)
(-0 -0 -1.09775e-18)
(-0 -0 -1.10114e-18)
(-0 -0 1.10792e-18)
(-0 -0 -2.20906e-18)
(-0 -0 4.42321e-18)
(-0 -0 -4.4249e-18)
(-0 -0 4.43506e-18)
(-0 -0 -2.21923e-18)
(-0 -0 -1.69407e-21)
(-0 -0 -3.33392e-18)
(-0 -0 1.1147e-18)
(-0 -0 1.1147e-18)
(-0 -0 1.11131e-18)
(-0 -0 -2.23278e-18)
(-0 -0 3.35086e-18)
(-0 -0 -3.35256e-18)
(-0 -0 3.38813e-21)
(-0 -0 2.24294e-18)
(-0 -0 -1.12317e-18)
(-0 -0 2.24294e-18)
(-0 -0 -3.3695e-18)
(-0 -0 1.12825e-18)
(-0 -0 1.12486e-18)
(-0 -0 -1.12655e-18)
(-0 -0 1.12655e-18)
(-0 -0 1.12486e-18)
(-0 -0 -1.12655e-18)
(-0 -0 -2.25988e-18)
(-0 -0 1.13164e-18)
(-0 -0 2.26666e-18)
(-0 -0 -1.13672e-18)
(-0 -0 -3.38813e-21)
(-0 -0 -1.13164e-18)
(-0 -0 2.27513e-18)
(-0 -0 -1.13672e-18)
(-0 -0 -3.41524e-18)
(-0 -0 5.70053e-18)
(-0 -0 -5.70561e-18)
(-0 -0 2.28529e-18)
(-0 -0 -1.69407e-21)
(-0 -0 -1.14349e-18)
(-0 -0 3.38813e-21)
(-0 -0 3.38813e-21)
(-0 -0 -2.29038e-18)
(-0 -0 2.29885e-18)
(-0 -0 2.30224e-18)
(-0 -0 -2.30054e-18)
(-0 -0 4.60617e-18)
(-0 -0 -3.45759e-18)
(-0 -0 -1.69407e-21)
(-0 -0 -1.15366e-18)
(-0 -0 2.31579e-18)
(-0 -0 -1.15535e-18)
(-0 -0 -1.69407e-21)
(-0 -0 2.31409e-18)
(-0 -0 -2.32087e-18)
(-0 -0 -1.16044e-18)
(-0 -0 1.16552e-18)
(-0 -0 -1.16044e-18)
(-0 -0 0)
(-0 -0 -1.69407e-21)
(-0 -0 1.16891e-18)
(-0 -0 2.33612e-18)
(-0 -0 0)
(-0 -0 -1.17399e-18)
(-0 -0 1.1706e-18)
(-0 -0 -1.17399e-18)
(-0 -0 1.17568e-18)
(-0 -0 1.17568e-18)
(-0 -0 -1.17568e-18)
(-0 -0 -2.35306e-18)
(-0 -0 -2.35645e-18)
(-0 -0 4.71967e-18)
(-0 -0 0)
(-0 -0 -1.17907e-18)
(-0 -0 1.69407e-21)
(-0 -0 -3.54737e-18)
(-0 -0 4.73491e-18)
(-0 -0 -3.55584e-18)
(-0 -0 1.18585e-18)
(-0 -0 -1.69407e-21)
(-0 -0 1.19093e-18)
(-0 -0 -1.19262e-18)
(-0 -0 -2.38524e-18)
(-0 -0 4.7671e-18)
(-0 -0 -3.58126e-18)
(-0 -0 0)
(-0 -0 1.1977e-18)
(-0 -0 -1.20109e-18)
(-0 -0 3.59311e-18)
(-0 -0 -3.5982e-18)
(-0 -0 3.60328e-18)
(-0 -0 1.69407e-21)
(-0 -0 -3.60836e-18)
(-0 -0 1.20448e-18)
(-0 -0 3.61514e-18)
(-0 -0 -3.61683e-18)
(-0 -0 -1.20787e-18)
(-0 -0 3.6253e-18)
(-0 -0 -2.42082e-18)
(-0 -0 0)
(-0 -0 1.21295e-18)
(-0 -0 -1.21295e-18)
(-0 -0 3.64394e-18)
(-0 -0 -3.64394e-18)
(-0 -0 2.43776e-18)
(-0 -0 -3.65071e-18)
(-0 -0 -1.21973e-18)
(-0 -0 2.44115e-18)
(-0 -0 2.43945e-18)
(-0 -0 -2.44623e-18)
(-0 -0 1.22312e-18)
(-0 -0 1.22481e-18)
(-0 -0 0)
(-0 -0 -2.4547e-18)
(-0 -0 -2.45301e-18)
(-0 -0 4.9094e-18)
(-0 -0 -1.22989e-18)
(-0 -0 -2.46148e-18)
(-0 -0 2.46317e-18)
(-0 -0 1.69407e-21)
(-0 -0 -2.47334e-18)
(-0 -0 3.70323e-18)
(-0 -0 -2.47334e-18)
(-0 -0 -1.24006e-18)
(-0 -0 4.95684e-18)
(-0 -0 -6.20028e-18)
(-0 -0 2.48689e-18)
(-0 -0 2.4835e-18)
(-0 -0 1.24514e-18)
(-0 -0 -2.48689e-18)
(-0 -0 1.25022e-18)
(-0 -0 -2.49366e-18)
(-0 -0 -1.25022e-18)
(-0 -0 0)
(-0 -0 2.49875e-18)
(-0 -0 1.25361e-18)
(-0 -0 2.50722e-18)
(-0 -0 -3.76421e-18)
(-0 -0 -1.257e-18)
(-0 -0 3.77268e-18)
(-0 -0 -1.25361e-18)
(-0 -0 -3.77607e-18)
(-0 -0 -1.69407e-21)
(-0 -0 2.52585e-18)
(-0 -0 -1.26039e-18)
(-0 -0 2.52416e-18)
(-0 -0 -2.52924e-18)
(-0 -0 1.26547e-18)
(-0 -0 1.27055e-18)
(-0 -0 -1.69407e-21)
(-0 -0 -1.26716e-18)
(-0 -0 -2.5411e-18)
(-0 -0 -1.27224e-18)
(-0 -0 3.81842e-18)
(-0 -0 -1.27902e-18)
(-0 -0 3.38813e-21)
(-0 -0 2.55465e-18)
(-0 -0 -1.27563e-18)
(-0 -0 1.69407e-21)
(-0 -0 3.38813e-21)
(-0 -0 1.28071e-18)
(-0 -0 -1.2841e-18)
(-0 -0 1.69407e-21)
(-0 -0 1.69407e-21)
(-0 -0 -3.38813e-21)
(-0 -0 -2.58006e-18)
(-0 -0 1.28918e-18)
(-0 -0 0)
(-0 -0 1.28918e-18)
(-0 -0 -1.29088e-18)
(-0 -0 -1.29765e-18)
(-0 -0 1.29427e-18)
(-0 -0 0)
(-0 -0 1.29596e-18)
(-0 -0 1.29765e-18)
(-0 -0 -5.19231e-18)
(-0 -0 1.29935e-18)
(-0 -0 -1.69407e-21)
(-0 -0 2.60717e-18)
(-0 -0 1.30274e-18)
(-0 -0 1.69407e-21)
(-0 -0 -2.61056e-18)
(-0 -0 2.62241e-18)
(-0 -0 -2.62072e-18)
(-0 -0 -1.69407e-21)
(-0 -0 -2.6258e-18)
(-0 -0 5.24822e-18)
(-0 -0 1.69407e-21)
(-0 -0 -6.57298e-18)
(-0 -0 3.95056e-18)
(-0 -0 1.31798e-18)
(-0 -0 -2.63427e-18)
(-0 -0 0)
(-0 -0 -1.32307e-18)
(-0 -0 2.64782e-18)
(-0 -0 0)
(-0 -0 3.38813e-21)
(-0 -0 5.30581e-18)
(-0 -0 -3.98614e-18)
(-0 -0 1.33492e-18)
(-0 -0 1.33154e-18)
(-0 -0 -2.66307e-18)
(-0 -0 4.00138e-18)
(-0 -0 -3.99969e-18)
(-0 -0 -2.66646e-18)
(-0 -0 0)
(-0 -0 1.3417e-18)
(-0 -0 -2.68001e-18)
(-0 -0 4.02171e-18)
(-0 -0 1.33831e-18)
(-0 -0 -2.68848e-18)
(-0 -0 -1.34509e-18)
(-0 -0 2.69018e-18)
(-0 -0 -2.69526e-18)
(-0 -0 2.69356e-18)
(-0 -0 0)
(-0 -0 -2.70204e-18)
(-0 -0 0)
(-0 -0 2.70542e-18)
(-0 -0 -1.69407e-21)
(-0 -0 -1.69407e-21)
(-0 -0 1.35695e-18)
(-0 -0 -4.07592e-18)
(-0 -0 1.36203e-18)
(-0 -0 1.36203e-18)
(-0 -0 1.69407e-21)
(-0 -0 -2.72575e-18)
(-0 -0 4.09625e-18)
(-0 -0 -2.72914e-18)
(-0 -0 4.10133e-18)
(-0 -0 -1.36542e-18)
(-0 -0 -1.36881e-18)
(-0 -0 -4.1098e-18)
(-0 -0 -1.3705e-18)
(-0 -0 5.49555e-18)
(-0 -0 -2.74777e-18)
(-0 -0 5.50402e-18)
(-0 -0 -2.75286e-18)
(-0 -0 -2.75794e-18)
(-0 -0 2.76133e-18)
(-0 -0 -1.38236e-18)
(-0 -0 1.37897e-18)
(-0 -0 -4.15216e-18)
(-0 -0 2.77488e-18)
(-0 -0 1.38913e-18)
(-0 -0 1.69407e-21)
(-0 -0 -1.39083e-18)
(-0 -0 -1.39252e-18)
(-0 -0 4.17248e-18)
(-0 -0 -2.78674e-18)
(-0 -0 1.39252e-18)
(-0 -0 1.39591e-18)
(-0 -0 -2.78843e-18)
(-0 -0 2.79521e-18)
(-0 -0 -2.79521e-18)
(-0 -0 2.80198e-18)
(-0 -0 -4.20298e-18)
(-0 -0 4.20975e-18)
(-0 -0 -1.40777e-18)
(-0 -0 -1.40607e-18)
(-0 -0 1.69407e-21)
(-0 -0 0)
(-0 -0 1.40946e-18)
(-0 -0 -2.82231e-18)
(-0 -0 4.23686e-18)
(-0 -0 -2.83078e-18)
(-0 -0 -2.83078e-18)
(-0 -0 7.0812e-18)
(-0 -0 1.69407e-21)
(-0 -0 -4.25549e-18)
(-0 -0 1.42132e-18)
(-0 -0 2.84434e-18)
(-0 -0 -4.27074e-18)
(-0 -0 -1.69407e-21)
(-0 -0 -3.38813e-21)
(-0 -0 -1.42979e-18)
(-0 -0 2.85958e-18)
(-0 -0 -3.38813e-21)
(-0 -0 -2.86297e-18)
(-0 -0 -1.69407e-21)
(-0 -0 1.43318e-18)
(-0 -0 -1.43826e-18)
(-0 -0 1.43318e-18)
(-0 -0 -1.43826e-18)
(-0 -0 -1.69407e-21)
(-0 -0 2.88161e-18)
(-0 -0 1.69407e-21)
(-0 -0 2.8833e-18)
(-0 -0 -2.89177e-18)
(-0 -0 -1.45012e-18)
(-0 -0 1.45012e-18)
(-0 -0 0)
(-0 -0 -2.90024e-18)
(-0 -0 2.90024e-18)
(-0 -0 -1.45181e-18)
(-0 -0 1.45181e-18)
(-0 -0 -1.45181e-18)
(-0 -0 1.4552e-18)
(-0 -0 3.38813e-21)
(-0 -0 -1.45859e-18)
(-0 -0 -1.45859e-18)
(-0 -0 4.38932e-18)
(-0 -0 -1.46367e-18)
(-0 -0 -4.39102e-18)
(-0 -0 1.46876e-18)
(-0 -0 1.46706e-18)
(-0 -0 1.46706e-18)
(-0 -0 -4.41135e-18)
(-0 -0 1.47723e-18)
(-0 -0 2.94767e-18)
(-0 -0 1.69407e-21)
(-0 -0 -1.47892e-18)
(-0 -0 0)
(-0 -0 0)
(-0 -0 -1.47723e-18)
(-0 -0 5.92923e-18)
(-0 -0 -5.92754e-18)
(-0 -0 1.69407e-21)
(-0 -0 2.97309e-18)
(-0 -0 -2.97309e-18)
(-0 -0 2.97309e-18)
(-0 -0 1.69407e-21)
(-0 -0 -2.98494e-18)
(-0 -0 4.4825e-18)
(-0 -0 -1.49078e-18)
(-0 -0 -1.50094e-18)
(-0 -0 0)
(-0 -0 1.49755e-18)
(-0 -0 3.00188e-18)
(-0 -0 0)
(-0 -0 -1.50094e-18)
(-0 -0 -3.00527e-18)
(-0 -0 0)
(-0 -0 -3.01544e-18)
(-0 -0 7.53859e-18)
(-0 -0 -7.54537e-18)
(-0 -0 6.04443e-18)
(-0 -0 -1.51449e-18)
(-0 -0 -1.51111e-18)
(-0 -0 3.03238e-18)
(-0 -0 -4.54687e-18)
(-0 -0 3.03577e-18)
(-0 -0 3.38813e-21)
(-0 -0 -3.38813e-21)
(-0 -0 -3.04593e-18)
(-0 -0 4.57059e-18)
(-0 -0 -4.58075e-18)
(-0 -0 4.58753e-18)
(-0 -0 -4.58753e-18)
(-0 -0 1.53144e-18)
(-0 -0 4.59092e-18)
(-0 -0 -3.05948e-18)
(-0 -0 3.06626e-18)
(-0 -0 -6.13929e-18)
(-0 -0 4.61464e-18)
(-0 -0 1.53821e-18)
(-0 -0 -4.61464e-18)
(-0 -0 3.07981e-18)
(-0 -0 3.38813e-21)
(-0 -0 0)
(-0 -0 -3.38813e-21)
(-0 -0 -1.54499e-18)
(-0 -0 -4.64852e-18)
(-0 -0 6.19689e-18)
(-0 -0 -3.10692e-18)
(-0 -0 1.55176e-18)
(-0 -0 -3.11369e-18)
(-0 -0 6.22739e-18)
(-0 -0 -6.23077e-18)
(-0 -0 1.56193e-18)
(-0 -0 1.56193e-18)
(-0 -0 3.38813e-21)
(-0 -0 1.56193e-18)
(-0 -0 -3.13402e-18)
(-0 -0 -1.56871e-18)
(-0 -0 -3.38813e-21)
(-0 -0 3.13063e-18)
(-0 -0 1.56532e-18)
(-0 -0 -6.28498e-18)
(-0 -0 0)
(-0 -0 7.86724e-18)
(-0 -0 -4.72644e-18)
(-0 -0 0)
(-0 -0 -3.15774e-18)
(-0 -0 3.16113e-18)
(-0 -0 -3.38813e-21)
(-0 -0 3.16452e-18)
(-0 -0 -6.33581e-18)
(-0 -0 4.76033e-18)
(-0 -0 -3.17129e-18)
(-0 -0 1.58903e-18)
(-0 -0 -1.58903e-18)
(-0 -0 0)
(-0 -0 3.38813e-21)
(-0 -0 -1.59242e-18)
(-0 -0 3.19501e-18)
(-0 -0 0)
(-0 -0 3.1984e-18)
(-0 -0 -3.20178e-18)
(-0 -0 -1.60259e-18)
(-0 -0 6.41712e-18)
(-0 -0 -4.81454e-18)
(-0 -0 -1.60597e-18)
(-0 -0 3.21873e-18)
(-0 -0 -3.22211e-18)
(-0 -0 4.83486e-18)
(-0 -0 3.38813e-21)
(-0 -0 -3.23228e-18)
(-0 -0 -4.8518e-18)
(-0 -0 9.707e-18)
(-0 -0 -3.24244e-18)
(-0 -0 -1.62292e-18)
(-0 -0 3.38813e-21)
(-0 -0 3.24583e-18)
(-0 -0 0)
(-0 -0 -1.62292e-18)
(-0 -0 -4.8823e-18)
(-0 -0 1.63647e-18)
(-0 -0 1.63308e-18)
(-0 -0 3.38813e-21)
(-0 -0 -1.63308e-18)
(-0 -0 3.26955e-18)
(-0 -0 -3.27971e-18)
(-0 -0 1.63986e-18)
(-0 -0 3.27971e-18)
(-0 -0 -1.63986e-18)
(-0 -0 -4.92973e-18)
(-0 -0 3.29326e-18)
(-0 -0 1.65002e-18)
(-0 -0 -1.64663e-18)
(-0 -0 0)
(-0 -0 3.30682e-18)
(-0 -0 0)
(-0 -0 -3.30682e-18)
(-0 -0 1.6568e-18)
(-0 -0 3.38813e-21)
(-0 -0 -4.98055e-18)
(-0 -0 1.66357e-18)
(-0 -0 1.66018e-18)
(-0 -0 4.99072e-18)
(-0 -0 -3.33053e-18)
(-0 -0 1.67374e-18)
(-0 -0 -1.66696e-18)
(-0 -0 5.01105e-18)
(-0 -0 -8.35174e-18)
(-0 -0 3.34409e-18)
(-0 -0 -3.34747e-18)
(-0 -0 5.03476e-18)
(-0 -0 -6.7085e-18)
(-0 -0 5.03815e-18)
(-0 -0 1.6839e-18)
(-0 -0 -3.36103e-18)
(-0 -0 3.3678e-18)
(-0 -0 -1.68729e-18)
(-0 -0 1.68729e-18)
(-0 -0 -6.75932e-18)
(-0 -0 8.45e-18)
(-0 -0 -6.77288e-18)
(-0 -0 1.69407e-18)
(-0 -0 -1.69407e-18)
(-0 -0 5.08897e-18)
(-0 -0 -1.69745e-18)
(-0 -0 -3.40168e-18)
(-0 -0 6.80337e-18)
(-0 -0 -3.40168e-18)
(-0 -0 -3.38813e-21)
(-0 -0 -3.41185e-18)
(-0 -0 3.41524e-18)
(-0 -0 3.4254e-18)
(-0 -0 -3.4254e-18)
(-0 -0 -3.43218e-18)
(-0 -0 -3.38813e-21)
(-0 -0 -3.42879e-18)
(-0 -0 6.87113e-18)
(-0 -0 0)
(-0 -0 -3.44234e-18)
(-0 -0 3.44573e-18)
(-0 -0 3.44573e-18)
(-0 -0 -6.90501e-18)
(-0 -0 6.9084e-18)
(-0 -0 -3.45589e-18)
(-0 -0 0)
(-0 -0 0)
(-0 -0 -3.38813e-21)
(-0 -0 3.38813e-21)
(-0 -0 -3.47284e-18)
(-0 -0 0)
(-0 -0 0)
(-0 -0 0)
(-0 -0 -3.38813e-21)
(-0 -0 0)
(-0 -0 3.49655e-18)
(-0 -0 0)
(-0 -0 -3.50333e-18)
(-0 -0 3.38813e-21)
(-0 -0 0)
(-0 -0 0)
(-0 -0 3.51349e-18)
(-0 -0 0)
(-0 -0 3.38813e-21)
(-0 -0 3.38813e-21)
(-0 -0 0)
(-0 -0 -3.38813e-21)
(-0 -0 -3.53043e-18)
(-0 -0 3.53721e-18)
(-0 -0 0)
(-0 -0 -3.54399e-18)
(-0 -0 3.54737e-18)
(-0 -0 0)
(-0 -0 -3.56093e-18)
(-0 -0 3.55415e-18)
(-0 -0 -3.56093e-18)
(-0 -0 3.5677e-18)
(-0 -0 -3.57109e-18)
(-0 -0 3.5677e-18)
(-0 -0 -3.38813e-21)
(-0 -0 -3.57448e-18)
(-0 -0 3.38813e-21)
(-0 -0 3.58464e-18)
(-0 -0 3.38813e-21)
(-0 -0 -3.59142e-18)
(-0 -0 3.59481e-18)
(-0 -0 0)
(-0 -0 -3.60158e-18)
(-0 -0 0)
(-0 -0 0)
(-0 -0 0)
(-0 -0 3.60836e-18)
(-0 -0 -3.62191e-18)
(-0 -0 3.61514e-18)
(-0 -0 -3.6253e-18)
(-0 -0 7.25399e-18)
(-0 -0 -3.62869e-18)
(-0 -0 -3.63208e-18)
(-0 -0 3.63885e-18)
(-0 -0 -3.38813e-21)
(-0 -0 -3.64902e-18)
(-0 -0 3.64224e-18)
(-0 -0 -6.77626e-21)
(-0 -0 0)
(-0 -0 0)
(-0 -0 3.66257e-18)
(-0 -0 0)
(-0 -0 -7.33192e-18)
(-0 -0 0)
(-0 -0 -3.38813e-21)
(-0 -0 3.67612e-18)
(-0 -0 3.38813e-21)
(-0 -0 3.68629e-18)
(-0 -0 -7.37935e-18)
(-0 -0 0)
(-0 -0 0)
(-0 -0 3.69984e-18)
(-0 -0 6.77626e-21)
(-0 -0 0)
(-0 -0 -3.71e-18)
(-0 -0 -3.38813e-21)
(-0 -0 3.71678e-18)
(-0 -0 -3.72017e-18)
(-0 -0 7.44711e-18)
(-0 -0 -7.45389e-18)
(-0 -0 0)
(-0 -0 0)
(-0 -0 3.74389e-18)
(-0 -0 0)
(-0 -0 -3.74727e-18)
(-0 -0 -3.38813e-21)
(-0 -0 0)
(-0 -0 3.75405e-18)
(-0 -0 -3.75744e-18)
(-0 -0 3.7676e-18)
(-0 -0 -3.38813e-21)
(-0 -0 -3.77099e-18)
(-0 -0 0)
(-0 -0 0)
(-0 -0 7.55892e-18)
(-0 -0 -3.78116e-18)
(-0 -0 -3.78793e-18)
(-0 -0 3.79132e-18)
(-0 -0 3.79471e-18)
(-0 -0 -3.7981e-18)
(-0 -0 0)
(-0 -0 -3.81165e-18)
(-0 -0 0)
(-0 -0 -3.38813e-21)
(-0 -0 3.81165e-18)
(-0 -0 3.38813e-21)
(-0 -0 -3.82181e-18)
(-0 -0 3.83198e-18)
(-0 -0 -3.38813e-21)
(-0 -0 -3.83875e-18)
(-0 -0 3.83198e-18)
(-0 -0 -3.38813e-21)
(-0 -0 -3.38813e-21)
(-0 -0 -3.84553e-18)
(-0 -0 3.85231e-18)
(-0 -0 -3.85569e-18)
(-0 -0 3.85231e-18)
(-0 -0 0)
(-0 -0 0)
(-0 -0 -3.86247e-18)
(-0 -0 6.77626e-21)
(-0 -0 3.87941e-18)
(-0 -0 6.77626e-21)
(-0 -0 3.38813e-21)
(-0 -0 -3.38813e-21)
(-0 -0 -3.89296e-18)
(-0 -0 -6.77626e-21)
(-0 -0 3.89974e-18)
(-0 -0 3.38813e-21)
(-0 -0 -3.90652e-18)
(-0 -0 0)
(-0 -0 7.83336e-18)
(-0 -0 -3.91668e-18)
(-0 -0 0)
(-0 -0 -3.92346e-18)
(-0 -0 3.92346e-18)
(-0 -0 0)
(-0 -0 -3.9404e-18)
(-0 -0 0)
(-0 -0 -3.38813e-21)
(-0 -0 3.94717e-18)
(-0 -0 -3.38813e-21)
(-0 -0 -3.95056e-18)
(-0 -0 3.38813e-21)
(-0 -0 0)
(-0 -0 3.96073e-18)
(-0 -0 -3.9675e-18)
(-0 -0 7.94178e-18)
(-0 -0 -3.97767e-18)
(-0 -0 3.38813e-21)
(-0 -0 6.77626e-21)
(-0 -0 0)
(-0 -0 -3.99461e-18)
(-0 -0 0)
(-0 -0 4.00138e-18)
(-0 -0 0)
(-0 -0 0)
(-0 -0 4.00477e-18)
(-0 -0 -4.01494e-18)
(-0 -0 4.02171e-18)
(-0 -0 -8.04342e-18)
(-0 -0 4.02849e-18)
(-0 -0 3.38813e-21)
(-0 -0 -3.38813e-21)
(-0 -0 -4.03526e-18)
(-0 -0 8.08069e-18)
(-0 -0 -4.04204e-18)
(-0 -0 0)
(-0 -0 -4.04882e-18)
(-0 -0 4.05898e-18)
(-0 -0 0)
(-0 -0 0)
(-0 -0 0)
(-0 -0 0)
(-0 -0 0)
(-0 -0 3.38813e-21)
(-0 -0 6.77626e-21)
(-0 -0 -4.08609e-18)
(-0 -0 4.08609e-18)
(-0 -0 3.38813e-21)
(-0 -0 -4.09625e-18)
(-0 -0 4.09964e-18)
(-0 -0 -3.38813e-21)
(-0 -0 3.38813e-21)
(-0 -0 -4.10642e-18)
(-0 -0 -3.38813e-21)
(-0 -0 0)
(-0 -0 -3.38813e-21)
(-0 -0 4.12336e-18)
(-0 -0 -6.77626e-21)
(-0 -0 4.1403e-18)
(-0 -0 -8.27382e-18)
(-0 -0 4.14369e-18)
(-0 -0 3.38813e-21)
(-0 -0 -4.15046e-18)
(-0 -0 0)
(-0 -0 4.16063e-18)
(-0 -0 -4.16401e-18)
(-0 -0 -3.38813e-21)
(-0 -0 0)
(-0 -0 0)
(-0 -0 0)
(-0 -0 4.17757e-18)
(-0 -0 0)
(-0 -0 -3.38813e-21)
(-0 -0 -4.1979e-18)
(-0 -0 0)
(-0 -0 -3.38813e-21)
(-0 -0 8.41612e-18)
(-0 -0 -4.21484e-18)
(-0 -0 0)
(-0 -0 -4.21822e-18)
(-0 -0 4.22839e-18)
(-0 -0 0)
(-0 -0 3.38813e-21)
(-0 -0 3.38813e-21)
(-0 -0 3.38813e-21)
(-0 -0 -3.38813e-21)
(-0 -0 -4.24533e-18)
(-0 -0 4.25549e-18)
(-0 -0 -4.25888e-18)
(-0 -0 0)
(-0 -0 4.25211e-18)
(-0 -0 -4.27582e-18)
(-0 -0 0)
(-0 -0 4.27243e-18)
(-0 -0 3.38813e-21)
(-0 -0 0)
(-0 -0 -3.38813e-21)
(-0 -0 -4.29615e-18)
(-0 -0 4.28937e-18)
(-0 -0 -3.38813e-21)
(-0 -0 0)
(-0 -0 3.38813e-21)
(-0 -0 -4.3097e-18)
(-0 -0 4.3097e-18)
(-0 -0 -4.31987e-18)
(-0 -0 4.32326e-18)
(-0 -0 -4.33342e-18)
(-0 -0 0)
(-0 -0 3.38813e-21)
(-0 -0 3.38813e-21)
(-0 -0 4.3402e-18)
(-0 -0 -4.34697e-18)
(-0 -0 4.35036e-18)
(-0 -0 0)
(-0 -0 -4.3673e-18)
(-0 -0 4.36053e-18)
(-0 -0 -4.3673e-18)
(-0 -0 4.3673e-18)
(-0 -0 0)
(-0 -0 -3.38813e-21)
(-0 -0 -3.38813e-21)
(-0 -0 -3.38813e-21)
(-0 -0 -4.38763e-18)
(-0 -0 4.39102e-18)
(-0 -0 3.38813e-21)
(-0 -0 3.38813e-21)
(-0 -0 -3.38813e-21)
(-0 -0 -4.40796e-18)
(-0 -0 0)
(-0 -0 0)
(-0 -0 4.42829e-18)
(-0 -0 0)
(-0 -0 -4.42829e-18)
(-0 -0 4.43845e-18)
(-0 -0 -3.38813e-21)
(-0 -0 -4.44862e-18)
(-0 -0 4.45201e-18)
(-0 -0 -3.38813e-21)
(-0 -0 3.38813e-21)
(-0 -0 0)
(-0 -0 -4.47233e-18)
(-0 -0 4.47572e-18)
(-0 -0 3.38813e-21)
(-0 -0 -4.47911e-18)
(-0 -0 3.38813e-21)
(-0 -0 4.48589e-18)
(-0 -0 -4.49605e-18)
(-0 -0 4.49266e-18)
(-0 -0 -4.50283e-18)
(-0 -0 4.50283e-18)
(-0 -0 -3.38813e-21)
(-0 -0 -4.51299e-18)
(-0 -0 4.51977e-18)
(-0 -0 3.38813e-21)
(-0 -0 -4.52316e-18)
(-0 -0 0)
(-0 -0 4.52654e-18)
(-0 -0 0)
(-0 -0 -3.38813e-21)
(-0 -0 -3.38813e-21)
(-0 -0 -4.55026e-18)
(-0 -0 4.55026e-18)
(-0 -0 -4.56381e-18)
(-0 -0 4.5672e-18)
(-0 -0 -4.5672e-18)
(-0 -0 4.57059e-18)
(-0 -0 3.38813e-21)
(-0 -0 -4.58075e-18)
(-0 -0 4.58075e-18)
(-0 -0 0)
(-0 -0 0)
(-0 -0 0)
(-0 -0 -6.77626e-21)
(-0 -0 -4.60447e-18)
(-0 -0 4.61464e-18)
(-0 -0 -4.61464e-18)
(-0 -0 4.62141e-18)
(-0 -0 0)
(-0 -0 -4.62141e-18)
(-0 -0 4.62819e-18)
(-0 -0 -4.62819e-18)
(-0 -0 4.63835e-18)
(-0 -0 0)
(-0 -0 3.38813e-21)
(-0 -0 -4.65868e-18)
(-0 -0 4.65529e-18)
(-0 -0 0)
(-0 -0 -3.38813e-21)
(-0 -0 3.38813e-21)
(-0 -0 0)
(-0 -0 -4.67901e-18)
(-0 -0 4.68917e-18)
(-0 -0 3.38813e-21)
(-0 -0 0)
(-0 -0 0)
(-0 -0 -3.38813e-21)
(-0 -0 0)
(-0 -0 -4.7095e-18)
(-0 -0 4.7095e-18)
(-0 -0 -4.7095e-18)
(-0 -0 0)
(-0 -0 4.72306e-18)
(-0 -0 0)
(-0 -0 0)
(-0 -0 0)
(-0 -0 -4.75016e-18)
(-0 -0 4.75016e-18)
(-0 -0 0)
(-0 -0 -4.76371e-18)
(-0 -0 4.76033e-18)
(-0 -0 0)
(-0 -0 -3.38813e-21)
(-0 -0 0)
(-0 -0 -4.78065e-18)
(-0 -0 0)
(-0 -0 4.78404e-18)
(-0 -0 -4.79421e-18)
(-0 -0 4.80098e-18)
(-0 -0 -4.80437e-18)
(-0 -0 4.80776e-18)
(-0 -0 0)
(-0 -0 -4.82131e-18)
(-0 -0 0)
(-0 -0 4.83148e-18)
(-0 -0 3.38813e-21)
(-0 -0 -4.83486e-18)
(-0 -0 4.84164e-18)
(-0 -0 -6.77626e-21)
(-0 -0 3.38813e-21)
(-0 -0 -4.86536e-18)
(-0 -0 4.85519e-18)
(-0 -0 -4.86197e-18)
(-0 -0 3.38813e-21)
(-0 -0 4.86875e-18)
(-0 -0 -4.87552e-18)
(-0 -0 4.87552e-18)
(-0 -0 0)
(-0 -0 3.38813e-21)
(-0 -0 -4.90263e-18)
(-0 -0 0)
(-0 -0 4.90601e-18)
(-0 -0 3.38813e-21)
(-0 -0 0)
(-0 -0 -4.91957e-18)
(-0 -0 4.92634e-18)
(-0 -0 -4.92296e-18)
(-0 -0 4.92634e-18)
(-0 -0 0)
(-0 -0 0)
(-0 -0 -3.38813e-21)
(-0 -0 -4.95345e-18)
(-0 -0 4.95345e-18)
(-0 -0 3.38813e-21)
(-0 -0 3.38813e-21)
(-0 -0 -4.967e-18)
(-0 -0 -3.38813e-21)
(-0 -0 0)
(-0 -0 4.98733e-18)
(-0 -0 0)
(-0 -0 -4.99411e-18)
(-0 -0 -3.38813e-21)
(-0 -0 -3.38813e-21)
(-0 -0 5.01105e-18)
(-0 -0 -6.77626e-21)
(-0 -0 0)
(-0 -0 -3.38813e-21)
(-0 -0 -5.02121e-18)
(-0 -0 6.77626e-21)
(-0 -0 -3.38813e-21)
(-0 -0 5.04154e-18)
(-0 -0 -5.04154e-18)
(-0 -0 5.0517e-18)
(-0 -0 -5.04832e-18)
(-0 -0 5.06526e-18)
(-0 -0 -3.38813e-21)
(-0 -0 -5.06865e-18)
(-0 -0 5.07881e-18)
(-0 -0 -5.07542e-18)
(-0 -0 5.07881e-18)
(-0 -0 3.38813e-21)
(-0 -0 -3.38813e-21)
(-0 -0 -6.77626e-21)
(-0 -0 -5.10253e-18)
(-0 -0 5.10253e-18)
(-0 -0 -5.11269e-18)
(-0 -0 5.1093e-18)
(-0 -0 0)
(-0 -0 -5.11947e-18)
(-0 -0 5.12963e-18)
(-0 -0 -3.38813e-21)
(-0 -0 0)
(-0 -0 -3.38813e-21)
(-0 -0 -5.14996e-18)
(-0 -0 5.14996e-18)
(-0 -0 6.77626e-21)
(-0 -0 0)
(-0 -0 0)
(-0 -0 0)
(-0 -0 3.38813e-21)
(-0 -0 -5.18723e-18)
(-0 -0 3.38813e-21)
(-0 -0 5.19401e-18)
(-0 -0 6.77626e-21)
(-0 -0 3.38813e-21)
(-0 -0 -3.38813e-21)
(-0 -0 -3.38813e-21)
(-0 -0 0)
(-0 -0 0)
(-0 -0 3.38813e-21)
(-0 -0 -5.23466e-18)
(-0 -0 5.23466e-18)
(-0 -0 -6.77626e-21)
(-0 -0 0)
(-0 -0 -5.24822e-18)
(-0 -0 5.25499e-18)
(-0 -0 -5.26177e-18)
(-0 -0 0)
(-0 -0 5.26516e-18)
(-0 -0 3.38813e-21)
(-0 -0 -5.28549e-18)
(-0 -0 5.2821e-18)
(-0 -0 0)
(-0 -0 6.77626e-21)
(-0 -0 0)
(-0 -0 -5.30581e-18)
(-0 -0 5.3092e-18)
(-0 -0 -5.31259e-18)
(-0 -0 5.31598e-18)
(-0 -0 3.38813e-21)
(-0 -0 0)
(-0 -0 -5.33292e-18)
(-0 -0 5.34647e-18)
(-0 -0 -5.34647e-18)
(-0 -0 5.34986e-18)
(-0 -0 3.38813e-21)
(-0 -0 -3.38813e-21)
(-0 -0 -3.38813e-21)
(-0 -0 -5.37358e-18)
(-0 -0 5.37358e-18)
(-0 -0 3.38813e-21)
(-0 -0 3.38813e-21)
(-0 -0 -5.38713e-18)
(-0 -0 5.39391e-18)
(-0 -0 -3.38813e-21)
(-0 -0 -3.38813e-21)
(-0 -0 3.38813e-21)
(-0 -0 -5.41423e-18)
(-0 -0 5.41762e-18)
(-0 -0 0)
(-0 -0 3.38813e-21)
(-0 -0 -3.38813e-21)
(-0 -0 -3.38813e-21)
(-0 -0 3.38813e-21)
(-0 -0 -3.38813e-21)
(-0 -0 -5.45828e-18)
(-0 -0 5.46167e-18)
(-0 -0 -5.46167e-18)
(-0 -0 5.47522e-18)
(-0 -0 -5.47522e-18)
(-0 -0 5.482e-18)
(-0 -0 0)
(-0 -0 -3.38813e-21)
(-0 -0 0)
(-0 -0 0)
(-0 -0 -3.38813e-21)
(-0 -0 0)
(-0 -0 -5.51588e-18)
(-0 -0 5.51588e-18)
(-0 -0 0)
(-0 -0 0)
(-0 -0 -5.54298e-18)
(-0 -0 5.54298e-18)
(-0 -0 3.38813e-21)
(-0 -0 -6.77626e-21)
(-0 -0 -3.38813e-21)
(-0 -0 0)
(-0 -0 0)
(-0 -0 -5.57348e-18)
(-0 -0 5.58364e-18)
(-0 -0 0)
(-0 -0 3.38813e-21)
(-0 -0 -6.77626e-21)
(-0 -0 -5.60058e-18)
(-0 -0 5.60736e-18)
(-0 -0 3.38813e-21)
(-0 -0 6.77626e-21)
(-0 -0 -6.77626e-21)
(-0 -0 0)
(-0 -0 3.38813e-21)
(-0 -0 -3.38813e-21)
(-0 -0 -5.64124e-18)
(-0 -0 -6.77626e-21)
(-0 -0 5.65479e-18)
(-0 -0 0)
(-0 -0 -5.66157e-18)
(-0 -0 5.67173e-18)
(-0 -0 -6.77626e-21)
(-0 -0 -3.38813e-21)
(-0 -0 -5.6819e-18)
(-0 -0 -3.38813e-21)
(-0 -0 3.38813e-21)
(-0 -0 3.38813e-21)
(-0 -0 5.709e-18)
(-0 -0 -3.38813e-21)
(-0 -0 -5.72594e-18)
(-0 -0 0)
(-0 -0 5.72255e-18)
(-0 -0 -5.73272e-18)
(-0 -0 5.7395e-18)
(-0 -0 -5.74627e-18)
(-0 -0 5.75305e-18)
(-0 -0 -3.38813e-21)
(-0 -0 0)
(-0 -0 -5.7666e-18)
(-0 -0 5.77338e-18)
(-0 -0 0)
(-0 -0 -5.79371e-18)
(-0 -0 5.78693e-18)
(-0 -0 0)
(-0 -0 0)
(-0 -0 -5.80726e-18)
(-0 -0 0)
(-0 -0 5.82081e-18)
(-0 -0 0)
(-0 -0 -5.82081e-18)
(-0 -0 5.82759e-18)
(-0 -0 -5.84114e-18)
(-0 -0 5.84114e-18)
(-0 -0 0)
(-0 -0 6.77626e-21)
(-0 -0 -5.85469e-18)
(-0 -0 5.86824e-18)
(-0 -0 -5.86824e-18)
(-0 -0 5.87502e-18)
(-0 -0 -5.86824e-18)
(-0 -0 5.88857e-18)
(-0 -0 0)
(-0 -0 0)
(-0 -0 -5.90213e-18)
(-0 -0 -6.77626e-21)
(-0 -0 0)
(-0 -0 6.77626e-21)
(-0 -0 5.92923e-18)
(-0 -0 6.77626e-21)
(-0 -0 0)
(-0 -0 0)
(-0 -0 0)
(-0 -0 -5.95634e-18)
(-0 -0 0)
(-0 -0 5.95634e-18)
(-0 -0 -5.96311e-18)
(-0 -0 5.98344e-18)
(-0 -0 -5.97666e-18)
(-0 -0 5.97666e-18)
(-0 -0 0)
(-0 -0 -6.00377e-18)
(-0 -0 5.99699e-18)
(-0 -0 6.77626e-21)
(-0 -0 0)
(-0 -0 -6.01732e-18)
(-0 -0 0)
(-0 -0 0)
(-0 -0 6.03087e-18)
(-0 -0 -6.04443e-18)
(-0 -0 6.04443e-18)
(-0 -0 0)
(-0 -0 0)
(-0 -0 -6.06476e-18)
(-0 -0 6.07831e-18)
(-0 -0 -6.07153e-18)
(-0 -0 6.08508e-18)
(-0 -0 6.08508e-18)
(-0 -0 -6.77626e-21)
(-0 -0 -1.22041e-17)
(-0 -0 6.10541e-18)
(-0 -0 -6.11219e-18)
(-0 -0 -6.77626e-21)
(-0 -0 0)
(-0 -0 -6.77626e-21)
(-0 -0 6.13929e-18)
(-0 -0 -6.13929e-18)
(-0 -0 6.13929e-18)
(-0 -0 -6.14607e-18)
(-0 -0 0)
(-0 -0 6.15962e-18)
(-0 -0 0)
(-0 -0 0)
(-0 -0 -6.18673e-18)
(-0 -0 6.18673e-18)
(-0 -0 0)
(-0 -0 0)
(-0 -0 6.77626e-21)
(-0 -0 -6.20706e-18)
(-0 -0 6.22061e-18)
(-0 -0 0)
(-0 -0 0)
(-0 -0 0)
(-0 -0 6.23416e-18)
(-0 -0 -6.24094e-18)
(-0 -0 0)
(-0 -0 0)
(-0 -0 -6.24772e-18)
(-0 -0 6.27482e-18)
(-0 -0 -6.26804e-18)
(-0 -0 6.27482e-18)
(-0 -0 0)
(-0 -0 -6.77626e-21)
(-0 -0 0)
(-0 -0 0)
(-0 -0 -6.3087e-18)
(-0 -0 6.3087e-18)
(-0 -0 -6.32225e-18)
(-0 -0 6.77626e-21)
(-0 -0 6.32903e-18)
(-0 -0 0)
(-0 -0 -6.77626e-21)
(-0 -0 -6.77626e-21)
(-0 -0 -6.36291e-18)
(-0 -0 0)
(-0 -0 6.77626e-21)
(-0 -0 1.27529e-17)
(-0 -0 -6.38324e-18)
(-0 -0 -6.38324e-18)
(-0 -0 6.38324e-18)
(-0 -0 -6.40357e-18)
(-0 -0 6.41712e-18)
(-0 -0 -6.39679e-18)
(-0 -0 1.28207e-17)
(-0 -0 -6.4239e-18)
(-0 -0 -6.4239e-18)
(-0 -0 0)
(-0 -0 1.28817e-17)
(-0 -0 -6.45778e-18)
(-0 -0 0)
(-0 -0 0)
(-0 -0 -6.45778e-18)
(-0 -0 0)
(-0 -0 6.77626e-21)
(-0 -0 6.48488e-18)
(-0 -0 6.47133e-18)
(-0 -0 -6.49844e-18)
(-0 -0 6.49844e-18)
(-0 -0 -6.49844e-18)
(-0 -0 6.77626e-21)
(-0 -0 6.51877e-18)
(-0 -0 -6.53232e-18)
(-0 -0 -6.53232e-18)
(-0 -0 0)
(-0 -0 6.54587e-18)
(-0 -0 -6.77626e-21)
(-0 -0 -6.54587e-18)
(-0 -0 6.57298e-18)
(-0 -0 -6.5662e-18)
(-0 -0 6.77626e-21)
(-0 -0 0)
(-0 -0 0)
(-0 -0 0)
(-0 -0 6.77626e-21)
(-0 -0 0)
(-0 -0 6.77626e-21)
(-0 -0 6.62041e-18)
(-0 -0 -6.61363e-18)
(-0 -0 0)
(-0 -0 0)
(-0 -0 0)
(-0 -0 6.65429e-18)
(-0 -0 -6.65429e-18)
(-0 -0 -6.77626e-21)
(-0 -0 -6.77626e-21)
(-0 -0 0)
(-0 -0 6.6814e-18)
(-0 -0 6.68817e-18)
(-0 -0 -1.33831e-17)
(-0 -0 6.77626e-21)
(-0 -0 0)
(-0 -0 1.34306e-17)
(-0 -0 -6.71528e-18)
(-0 -0 -6.72883e-18)
(-0 -0 6.72883e-18)
(-0 -0 -6.73561e-18)
(-0 -0 6.74238e-18)
(-0 -0 6.77626e-21)
(-0 -0 -6.75593e-18)
(-0 -0 6.76271e-18)
(-0 -0 0)
(-0 -0 6.77626e-21)
(-0 -0 -6.78304e-18)
(-0 -0 6.78304e-18)
(-0 -0 -6.79659e-18)
(-0 -0 0)
(-0 -0 0)
(-0 -0 6.81692e-18)
(-0 -0 -6.81014e-18)
(-0 -0 6.83047e-18)
(-0 -0 0)
(-0 -0 0)
(-0 -0 -6.77626e-21)
(-0 -0 -6.84403e-18)
(-0 -0 1.37152e-17)
(-0 -0 -6.86436e-18)
(-0 -0 0)
(-0 -0 0)
(-0 -0 0)
(-0 -0 0)
(-0 -0 6.89824e-18)
(-0 -0 -1.38032e-17)
(-0 -0 6.90501e-18)
(-0 -0 -6.77626e-21)
(-0 -0 -6.91857e-18)
(-0 -0 0)
(-0 -0 6.77626e-21)
(-0 -0 0)
(-0 -0 0)
(-0 -0 0)
(-0 -0 0)
(-0 -0 6.95922e-18)
(-0 -0 0)
(-0 -0 -6.97278e-18)
(-0 -0 6.9931e-18)
(-0 -0 0)
(-0 -0 -6.99988e-18)
(-0 -0 7.00666e-18)
(-0 -0 -6.77626e-21)
(-0 -0 -7.02021e-18)
(-0 -0 6.77626e-21)
(-0 -0 7.02699e-18)
(-0 -0 -6.77626e-21)
(-0 -0 -7.04054e-18)
(-0 -0 7.04731e-18)
(-0 -0 0)
(-0 -0 0)
(-0 -0 -7.06764e-18)
(-0 -0 6.77626e-21)
(-0 -0 7.08797e-18)
(-0 -0 0)
(-0 -0 -7.10152e-18)
(-0 -0 6.77626e-21)
(-0 -0 7.11508e-18)
(-0 -0 -7.11508e-18)
(-0 -0 0)
(-0 -0 7.13541e-18)
(-0 -0 7.13541e-18)
(-0 -0 -1.43047e-17)
(-0 -0 0)
(-0 -0 7.15573e-18)
(-0 -0 7.16251e-18)
(-0 -0 0)
(-0 -0 -7.18284e-18)
(-0 -0 -7.18962e-18)
(-0 -0 6.77626e-21)
(-0 -0 7.19639e-18)
(-0 -0 -7.20994e-18)
(-0 -0 7.20317e-18)
(-0 -0 6.77626e-21)
(-0 -0 -6.77626e-21)
(-0 -0 -7.23705e-18)
(-0 -0 7.23705e-18)
(-0 -0 -6.77626e-21)
(-0 -0 0)
(-0 -0 0)
(-0 -0 0)
(-0 -0 -7.27093e-18)
(-0 -0 0)
(-0 -0 6.77626e-21)
(-0 -0 7.29126e-18)
(-0 -0 6.77626e-21)
(-0 -0 -7.29804e-18)
(-0 -0 0)
(-0 -0 -6.77626e-21)
(-0 -0 6.77626e-21)
(-0 -0 0)
(-0 -0 6.77626e-21)
(-0 -0 7.34547e-18)
(-0 -0 7.35225e-18)
(-0 -0 -7.3658e-18)
(-0 -0 0)
(-0 -0 7.37257e-18)
(-0 -0 -7.3929e-18)
(-0 -0 0)
(-0 -0 -7.39968e-18)
(-0 -0 0)
(-0 -0 1.48129e-17)
(-0 -0 -1.48332e-17)
(-0 -0 7.42678e-18)
(-0 -0 -7.43356e-18)
(-0 -0 0)
(-0 -0 7.45389e-18)
(-0 -0 -6.77626e-21)
(-0 -0 -7.46067e-18)
(-0 -0 -6.77626e-21)
(-0 -0 6.77626e-21)
(-0 -0 -6.77626e-21)
(-0 -0 7.49455e-18)
(-0 -0 0)
(-0 -0 -7.50132e-18)
(-0 -0 7.50132e-18)
(-0 -0 -7.5081e-18)
(-0 -0 7.52165e-18)
(-0 -0 7.52165e-18)
(-0 -0 -7.54198e-18)
(-0 -0 7.54198e-18)
(-0 -0 -7.54876e-18)
(-0 -0 -7.55553e-18)
(-0 -0 1.51178e-17)
(-0 -0 -7.57586e-18)
(-0 -0 -7.58264e-18)
(-0 -0 -7.58942e-18)
(-0 -0 -6.77626e-21)
(-0 -0 2.28089e-17)
(-0 -0 -1.52127e-17)
(-0 -0 6.77626e-21)
(-0 -0 7.6233e-18)
(-0 -0 6.77626e-21)
(-0 -0 -6.77626e-21)
(-0 -0 -7.6504e-18)
(-0 -0 0)
(-0 -0 7.66395e-18)
(-0 -0 0)
(-0 -0 -7.67073e-18)
(-0 -0 1.35525e-20)
(-0 -0 6.77626e-21)
(-0 -0 1.53889e-17)
(-0 -0 -1.54092e-17)
(-0 -0 3.84892e-18)
(-0 -0 -6.77626e-21)
(-0 -0 -7.71816e-18)
(-0 -0 1.15874e-17)
(-0 -0 -3.86925e-18)
(-0 -0 0)
(-0 -0 0)
(-0 -0 0)
(-0 -0 6.77626e-21)
(-0 -0 -3.8828e-18)
(-0 -0 1.16619e-17)
(-0 -0 -7.78593e-18)
(-0 -0 -3.88958e-18)
(-0 -0 7.79948e-18)
(-0 -0 -1.56261e-17)
(-0 -0 7.82658e-18)
(-0 -0 1.56464e-17)
(-0 -0 -3.91668e-18)
(-0 -0 3.93023e-18)
(-0 -0 -1.57006e-17)
(-0 -0 -6.77626e-21)
(-0 -0 0)
(-0 -0 1.18043e-17)
(-0 -0 -3.93023e-18)
(-0 -0 7.88079e-18)
(-0 -0 -7.88757e-18)
(-0 -0 -7.90112e-18)
(-0 -0 3.96411e-18)
(-0 -0 7.91468e-18)
(-0 -0 -6.77626e-21)
(-0 -0 -3.96411e-18)
(-0 -0 -3.95734e-18)
(-0 -0 -7.94178e-18)
(-0 -0 1.59039e-17)
(-0 -0 -1.19466e-17)
(-0 -0 7.96889e-18)
(-0 -0 -3.98444e-18)
(-0 -0 1.19669e-17)
(-0 -0 -3.998e-18)
(-0 -0 -4.00477e-18)
(-0 -0 -1.20075e-17)
(-0 -0 8.00954e-18)
(-0 -0 8.01632e-18)
(-0 -0 -1.20414e-17)
(-0 -0 1.20617e-17)
(-0 -0 -8.0502e-18)
(-0 -0 1.20617e-17)
(-0 -0 -1.20956e-17)
(-0 -0 -8.07053e-18)
(-0 -0 8.07731e-18)
(-0 -0 -4.03188e-18)
(-0 -0 0)
(-0 -0 1.21363e-17)
(-0 -0 -8.09763e-18)
(-0 -0 1.21702e-17)
(-0 -0 -1.21702e-17)
(-0 -0 6.77626e-21)
(-0 -0 4.07253e-18)
(-0 -0 1.22041e-17)
(-0 -0 -2.03559e-17)
(-0 -0 1.22244e-17)
(-0 -0 -8.15862e-18)
(-0 -0 -4.07931e-18)
(-0 -0 4.07931e-18)
(-0 -0 -4.08609e-18)
(-0 -0 1.22921e-17)
(-0 -0 -4.09964e-18)
(-0 -0 -8.20606e-18)
(-0 -0 -4.10642e-18)
(-0 -0 1.23328e-17)
(-0 -0 -4.11319e-18)
(-0 -0 6.77626e-21)
(-0 -0 8.24671e-18)
(-0 -0 0)
(-0 -0 -8.25349e-18)
(-0 -0 8.27382e-18)
(-0 -0 -1.24209e-17)
(-0 -0 6.77626e-21)
(-0 -0 -4.14707e-18)
(-0 -0 4.14707e-18)
(-0 -0 4.15385e-18)
(-0 -0 6.77626e-21)
(-0 -0 1.24954e-17)
(-0 -0 4.17418e-18)
(-0 -0 -8.34158e-18)
(-0 -0 -2.50383e-17)
(-0 -0 4.18095e-18)
(-0 -0 2.92599e-17)
(-0 -0 -8.37546e-18)
(-0 -0 -1.25767e-17)
(-0 -0 4.19451e-18)
(-0 -0 -4.20128e-18)
(-0 -0 4.20806e-18)
(-0 -0 6.77626e-21)
(-0 -0 8.41612e-18)
(-0 -0 -8.4229e-18)
(-0 -0 4.21484e-18)
(-0 -0 8.45e-18)
(-0 -0 -1.26852e-17)
(-0 -0 0)
(-0 -0 4.23516e-18)
(-0 -0 -1.26919e-17)
(-0 -0 1.2719e-17)
(-0 -0 0)
(-0 -0 6.77626e-21)
(-0 -0 6.77626e-21)
(-0 -0 -1.27733e-17)
(-0 -0 4.26227e-18)
(-0 -0 1.28004e-17)
(-0 -0 -4.27582e-18)
(-0 -0 -4.26905e-18)
(-0 -0 0)
(-0 -0 -4.2826e-18)
(-0 -0 -8.55842e-18)
(-0 -0 8.57875e-18)
(-0 -0 0)
(-0 -0 4.29615e-18)
(-0 -0 -4.30293e-18)
(-0 -0 1.2902e-17)
(-0 -0 -4.3097e-18)
(-0 -0 -8.61941e-18)
(-0 -0 4.31648e-18)
(-0 -0 -4.32326e-18)
(-0 -0 8.65329e-18)
(-0 -0 -8.65329e-18)
(-0 -0 -4.32326e-18)
(-0 -0 0)
(-0 -0 1.7354e-17)
(-0 -0 -8.69395e-18)
(-0 -0 1.74014e-17)
(-0 -0 -2.17654e-17)
(-0 -0 1.74285e-17)
(-0 -0 -1.3085e-17)
(-0 -0 -4.37069e-18)
(-0 -0 4.37069e-18)
(-0 -0 4.36391e-18)
(-0 -0 -4.37747e-18)
(-0 -0 4.37747e-18)
(-0 -0 8.77526e-18)
(-0 -0 -1.31731e-17)
(-0 -0 -6.77626e-21)
(-0 -0 -4.3978e-18)
(-0 -0 4.3978e-18)
(-0 -0 8.81592e-18)
(-0 -0 -4.41812e-18)
(-0 -0 -6.77626e-21)
(-0 -0 0)
(-0 -0 0)
(-0 -0 -1.32883e-17)
(-0 -0 6.77626e-21)
(-0 -0 4.43845e-18)
(-0 -0 0)
(-0 -0 4.44523e-18)
(-0 -0 0)
(-0 -0 -6.77626e-21)
(-0 -0 -6.77626e-21)
(-0 -0 0)
(-0 -0 -8.93789e-18)
(-0 -0 4.47233e-18)
(-0 -0 4.47233e-18)
(-0 -0 -4.48589e-18)
(-0 -0 4.47911e-18)
(-0 -0 -8.97855e-18)
(-0 -0 4.49266e-18)
(-0 -0 8.97855e-18)
(-0 -0 -4.48589e-18)
(-0 -0 0)
(-0 -0 4.50622e-18)
(-0 -0 0)
(-0 -0 -4.51977e-18)
(-0 -0 4.52654e-18)
(-0 -0 4.51977e-18)
(-0 -0 -1.35864e-17)
(-0 -0 4.5401e-18)
(-0 -0 9.06664e-18)
(-0 -0 -9.08019e-18)
(-0 -0 4.53332e-18)
(-0 -0 4.54687e-18)
(-0 -0 -1.36677e-17)
(-0 -0 1.82417e-17)
(-0 -0 -1.36881e-17)
(-0 -0 -4.5672e-18)
(-0 -0 6.77626e-21)
(-0 -0 -6.77626e-21)
(-0 -0 -4.56043e-18)
(-0 -0 9.16151e-18)
(-0 -0 1.37626e-17)
(-0 -0 -1.83705e-17)
(-0 -0 4.60108e-18)
(-0 -0 4.59431e-18)
(-0 -0 -9.20894e-18)
(-0 -0 -4.60786e-18)
(-0 -0 9.21572e-18)
(-0 -0 6.77626e-21)
(-0 -0 -4.62141e-18)
(-0 -0 0)
(-0 -0 4.63496e-18)
(-0 -0 9.26993e-18)
(-0 -0 -1.39184e-17)
(-0 -0 9.28348e-18)
(-0 -0 4.64174e-18)
(-0 -0 -9.30381e-18)
(-0 -0 -4.65529e-18)
(-0 -0 9.33091e-18)
(-0 -0 4.65529e-18)
(-0 -0 -1.86822e-17)
(-0 -0 0)
(-0 -0 4.6824e-18)
(-0 -0 0)
(-0 -0 9.37157e-18)
(-0 -0 -9.37835e-18)
(-0 -0 9.3919e-18)
(-0 -0 -1.88041e-17)
(-0 -0 4.69595e-18)
(-0 -0 4.71628e-18)
(-0 -0 4.71628e-18)
(-0 -0 -9.43934e-18)
(-0 -0 9.45289e-18)
(-0 -0 9.44611e-18)
(-0 -0 -1.41895e-17)
(-0 -0 1.4203e-17)
(-0 -0 -4.74338e-18)
(-0 -0 -4.74338e-18)
(-0 -0 1.89871e-17)
(-0 -0 -1.42505e-17)
(-0 -0 4.75694e-18)
(-0 -0 -1.90616e-17)
(-0 -0 -4.75694e-18)
(-0 -0 9.54776e-18)
(-0 -0 1.91091e-17)
(-0 -0 -9.55453e-18)
(-0 -0 0)
(-0 -0 -9.58164e-18)
(-0 -0 -4.78404e-18)
(-0 -0 9.59519e-18)
(-0 -0 4.80437e-18)
(-0 -0 -4.81792e-18)
(-0 -0 4.81115e-18)
(-0 -0 4.81792e-18)
(-0 -0 0)
(-0 -0 -9.65618e-18)
(-0 -0 1.44877e-17)
(-0 -0 -1.4508e-17)
(-0 -0 -4.83825e-18)
(-0 -0 -6.77626e-21)
(-0 -0 9.69006e-18)
(-0 -0 -4.85858e-18)
(-0 -0 4.85858e-18)
(-0 -0 0)
(-0 -0 -1.45961e-17)
(-0 -0 1.46096e-17)
(-0 -0 -1.46232e-17)
(-0 -0 1.46367e-17)
(-0 -0 -4.88569e-18)
(-0 -0 9.77137e-18)
(-0 -0 -4.89924e-18)
(-0 -0 -4.89924e-18)
(-0 -0 9.81203e-18)
(-0 -0 -9.81881e-18)
(-0 -0 4.90601e-18)
(-0 -0 -4.91957e-18)
(-0 -0 -1.47587e-17)
(-0 -0 2.46317e-17)
(-0 -0 -9.86624e-18)
(-0 -0 -4.9399e-18)
(-0 -0 4.95345e-18)
(-0 -0 4.93312e-18)
(-0 -0 -1.484e-17)
(-0 -0 1.48671e-17)
(-0 -0 -2.47876e-17)
(-0 -0 1.98612e-17)
(-0 -0 1.4901e-17)
(-0 -0 -1.98951e-17)
(-0 -0 1.49281e-17)
(-0 -0 -9.96788e-18)
(-0 -0 6.77626e-21)
(-0 -0 1.49755e-17)
(-0 -0 -2.49773e-17)
(-0 -0 1.00018e-17)
(-0 -0 0)
(-0 -0 -1.00153e-17)
(-0 -0 -5.00766e-18)
(-0 -0 3.01137e-17)
(-0 -0 -2.51264e-17)
(-0 -0 6.77626e-21)
(-0 -0 1.00763e-17)
(-0 -0 5.03476e-18)
(-0 -0 0)
(-0 -0 5.05509e-18)
(-0 -0 -5.05509e-18)
(-0 -0 -6.77626e-21)
(-0 -0 -5.06187e-18)
(-0 -0 0)
(-0 -0 -5.06865e-18)
(-0 -0 -5.07542e-18)
(-0 -0 1.01576e-17)
(-0 -0 1.01644e-17)
(-0 -0 -5.0822e-18)
(-0 -0 -5.09575e-18)
(-0 -0 1.5294e-17)
(-0 -0 -2.04237e-17)
(-0 -0 1.02118e-17)
(-0 -0 5.12286e-18)
(-0 -0 -1.02254e-17)
(-0 -0 -5.11608e-18)
(-0 -0 1.53821e-17)
(-0 -0 5.14318e-18)
(-0 -0 -2.05592e-17)
(-0 -0 1.02931e-17)
(-0 -0 -6.77626e-21)
(-0 -0 0)
(-0 -0 -5.17029e-18)
(-0 -0 1.0327e-17)
(-0 -0 0)
(-0 -0 -5.15674e-18)
(-0 -0 -5.17707e-18)
(-0 -0 -1.03677e-17)
(-0 -0 -5.19062e-18)
(-0 -0 0)
(-0 -0 1.55922e-17)
(-0 -0 -1.04016e-17)
(-0 -0 1.56125e-17)
(-0 -0 -1.56328e-17)
(-0 -0 5.21772e-18)
(-0 -0 5.21772e-18)
(-0 -0 -1.0449e-17)
(-0 -0 1.56871e-17)
(-0 -0 1.04693e-17)
(-0 -0 -1.04897e-17)
(-0 -0 0)
(-0 -0 -1.04964e-17)
(-0 -0 1.05032e-17)
(-0 -0 -5.26516e-18)
(-0 -0 5.25838e-18)
(-0 -0 5.26516e-18)
(-0 -0 5.27871e-18)
(-0 -0 -2.11148e-17)
(-0 -0 5.29904e-18)
(-0 -0 5.28549e-18)
(-0 -0 0)
(-0 -0 0)
(-0 -0 1.06116e-17)
(-0 -0 -5.31259e-18)
(-0 -0 -1.06252e-17)
(-0 -0 5.31937e-18)
(-0 -0 0)
(-0 -0 -1.06523e-17)
(-0 -0 1.59988e-17)
(-0 -0 1.06794e-17)
(-0 -0 -2.13723e-17)
(-0 -0 1.07065e-17)
(-0 -0 0)
(-0 -0 -1.07133e-17)
(-0 -0 -5.36002e-18)
(-0 -0 5.3668e-18)
(-0 -0 5.38713e-18)
(-0 -0 -5.38035e-18)
(-0 -0 1.61546e-17)
(-0 -0 -1.07743e-17)
(-0 -0 -1.07878e-17)
(-0 -0 5.39391e-18)
(-0 -0 5.39391e-18)
(-0 -0 -5.40068e-18)
(-0 -0 -6.77626e-21)
(-0 -0 1.0842e-17)
(-0 -0 5.42779e-18)
(-0 -0 -2.17179e-17)
(-0 -0 1.08759e-17)
(-0 -0 -5.42779e-18)
(-0 -0 1.08827e-17)
(-0 -0 -5.46167e-18)
(-0 -0 -5.45489e-18)
(-0 -0 -5.45489e-18)
(-0 -0 5.45489e-18)
(-0 -0 5.47522e-18)
(-0 -0 -1.64257e-17)
(-0 -0 5.48877e-18)
(-0 -0 -1.0964e-17)
(-0 -0 1.09775e-17)
(-0 -0 1.09843e-17)
(-0 -0 5.50233e-18)
(-0 -0 0)
(-0 -0 -1.1025e-17)
(-0 -0 5.52943e-18)
(-0 -0 1.6568e-17)
(-0 -0 -1.10589e-17)
(-0 -0 -1.66018e-17)
(-0 -0 1.66222e-17)
(-0 -0 -1.10724e-17)
(-0 -0 5.53621e-18)
(-0 -0 -1.66628e-17)
(-0 -0 0)
(-0 -0 1.11198e-17)
(-0 -0 -5.57686e-18)
(-0 -0 5.57686e-18)
(-0 -0 -5.59042e-18)
(-0 -0 0)
(-0 -0 0)
(-0 -0 0)
(-0 -0 0)
(-0 -0 -1.12147e-17)
(-0 -0 3.36645e-17)
(-0 -0 -1.68458e-17)
(-0 -0 1.1235e-17)
(-0 -0 0)
(-0 -0 -5.63785e-18)
(-0 -0 -5.64463e-18)
(-0 -0 5.63785e-18)
(-0 -0 -1.12893e-17)
(-0 -0 2.26056e-17)
(-0 -0 -1.69745e-17)
(-0 -0 1.69949e-17)
(-0 -0 -1.13502e-17)
(-0 -0 5.67851e-18)
(-0 -0 -1.70355e-17)
(-0 -0 6.77626e-21)
(-0 -0 -5.68529e-18)
(-0 -0 5.69206e-18)
(-0 -0 5.69884e-18)
(-0 -0 5.70561e-18)
(-0 -0 5.70561e-18)
(-0 -0 -1.14316e-17)
(-0 -0 6.77626e-21)
(-0 -0 -5.72594e-18)
(-0 -0 1.72049e-17)
(-0 -0 -1.14722e-17)
(-0 -0 -5.73272e-18)
(-0 -0 1.14925e-17)
(-0 -0 -1.14993e-17)
(-0 -0 -1.15129e-17)
(-0 -0 1.73066e-17)
(-0 -0 5.7666e-18)
(-0 -0 -5.77338e-18)
(-0 -0 -5.78693e-18)
(-0 -0 0)
(-0 -0 -5.78693e-18)
(-0 -0 5.79371e-18)
(-0 -0 5.80048e-18)
(-0 -0 0)
(-0 -0 0)
(-0 -0 2.32765e-17)
(-0 -0 -1.7476e-17)
(-0 -0 -5.82759e-18)
(-0 -0 1.16823e-17)
(-0 -0 -5.83436e-18)
(-0 -0 -1.75437e-17)
(-0 -0 2.34052e-17)
(-0 -0 -1.75776e-17)
(-0 -0 6.77626e-21)
(-0 -0 -5.86147e-18)
(-0 -0 5.88857e-18)
(-0 -0 -6.77626e-21)
(-0 -0 1.17636e-17)
(-0 -0 5.89535e-18)
(-0 -0 -1.17839e-17)
(-0 -0 -1.17975e-17)
(-0 -0 2.36356e-17)
(-0 -0 1.18449e-17)
(-0 -0 -1.18381e-17)
(-0 -0 -5.92923e-18)
(-0 -0 -5.93601e-18)
(-0 -0 0)
(-0 -0 -5.93601e-18)
(-0 -0 1.19059e-17)
(-0 -0 -5.94956e-18)
(-0 -0 -6.77626e-21)
(-0 -0 5.97666e-18)
(-0 -0 0)
(-0 -0 -6.77626e-21)
(-0 -0 -1.19737e-17)
(-0 -0 6.77626e-21)
(-0 -0 0)
(-0 -0 -1.19872e-17)
(-0 -0 6.00377e-18)
(-0 -0 1.20279e-17)
(-0 -0 6.01732e-18)
(-0 -0 6.01732e-18)
(-0 -0 1.20414e-17)
(-0 -0 -3.61988e-17)
(-0 -0 2.41371e-17)
(-0 -0 6.04443e-18)
(-0 -0 -6.77626e-21)
(-0 -0 -3.6314e-17)
(-0 -0 1.21092e-17)
(-0 -0 1.2116e-17)
(-0 -0 -1.21431e-17)
(-0 -0 6.77626e-21)
(-0 -0 1.82417e-17)
(-0 -0 -6.77626e-21)
(-0 -0 -6.09186e-18)
(-0 -0 0)
(-0 -0 6.77626e-21)
(-0 -0 0)
(-0 -0 6.12574e-18)
(-0 -0 -1.83705e-17)
(-0 -0 6.12574e-18)
(-0 -0 -6.12574e-18)
(-0 -0 6.13252e-18)
(-0 -0 0)
(-0 -0 1.22989e-17)
(-0 -0 0)
(-0 -0 -1.84924e-17)
(-0 -0 1.2326e-17)
(-0 -0 -6.17318e-18)
(-0 -0 -1.23667e-17)
(-0 -0 1.85534e-17)
(-0 -0 0)
(-0 -0 -1.2387e-17)
(-0 -0 1.24141e-17)
(-0 -0 -1.24141e-17)
(-0 -0 2.48553e-17)
(-0 -0 -1.2448e-17)
(-0 -0 0)
(-0 -0 0)
(-0 -0 6.24772e-18)
(-0 -0 -6.24094e-18)
(-0 -0 0)
(-0 -0 6.25449e-18)
(-0 -0 -6.24772e-18)
(-0 -0 -6.26804e-18)
(-0 -0 0)
(-0 -0 -6.27482e-18)
(-0 -0 -1.257e-17)
(-0 -0 1.25835e-17)
(-0 -0 1.88787e-17)
(-0 -0 -6.28837e-18)
(-0 -0 6.77626e-21)
(-0 -0 -1.89464e-17)
(-0 -0 1.896e-17)
(-0 -0 6.31548e-18)
(-0 -0 -2.53229e-17)
(-0 -0 1.26784e-17)
(-0 -0 6.32903e-18)
(-0 -0 0)
(-0 -0 -1.27055e-17)
(-0 -0 6.36291e-18)
(-0 -0 -9.55453e-18)
(-0 -0 1.27597e-17)
(-0 -0 0)
(-0 -0 -3.1984e-18)
(-0 -0 -1.278e-17)
(-0 -0 9.60197e-18)
(-0 -0 3.1984e-18)
(-0 -0 -9.61552e-18)
(-0 -0 -3.20517e-18)
(-0 -0 2.89008e-17)
(-0 -0 -9.64262e-18)
(-0 -0 6.77626e-21)
(-0 -0 6.43745e-18)
(-0 -0 6.77626e-21)
(-0 -0 -1.93598e-17)
(-0 -0 2.26056e-17)
(-0 -0 -6.77626e-21)
(-0 -0 -1.61817e-17)
(-0 -0 6.47811e-18)
(-0 -0 -3.23228e-18)
(-0 -0 3.25261e-18)
(-0 -0 -6.49844e-18)
(-0 -0 3.25261e-18)
(-0 -0 -9.7646e-18)
(-0 -0 9.7646e-18)
(-0 -0 -9.77137e-18)
(-0 -0 -6.77626e-21)
(-0 -0 9.78492e-18)
(-0 -0 3.26616e-18)
(-0 -0 3.26616e-18)
(-0 -0 -3.26616e-18)
(-0 -0 3.27294e-18)
(-0 -0 0)
(-0 -0 -6.57298e-18)
(-0 -0 9.85269e-18)
(-0 -0 3.29326e-18)
(-0 -0 -2.30596e-17)
(-0 -0 -1.97664e-17)
(-0 -0 1.98002e-17)
(-0 -0 -6.60686e-18)
(-0 -0 1.32205e-17)
(-0 -0 -6.62719e-18)
(-0 -0 1.32544e-17)
(-0 -0 6.62041e-18)
(-0 -0 -6.64074e-18)
(-0 -0 0)
(-0 -0 6.64751e-18)
(-0 -0 1.99629e-17)
(-0 -0 -3.66257e-17)
(-0 -0 9.99499e-18)
(-0 -0 -1.00153e-17)
(-0 -0 1.00289e-17)
(-0 -0 1.67035e-17)
(-0 -0 -4.01494e-17)
(-0 -0 -3.34747e-18)
(-0 -0 4.02171e-17)
(-0 -0 -3.01815e-17)
(-0 -0 3.3678e-18)
(-0 -0 -6.77626e-21)
(-0 -0 6.73561e-18)
(-0 -0 1.34712e-17)
(-0 -0 -6.74238e-18)
(-0 -0 -2.02475e-17)
(-0 -0 1.01237e-17)
(-0 -0 -3.38136e-18)
(-0 -0 2.02949e-17)
(-0 -0 1.35458e-17)
(-0 -0 -4.40728e-17)
(-0 -0 3.40168e-18)
(-0 -0 3.40168e-18)
(-0 -0 3.40168e-18)
(-0 -0 0)
(-0 -0 2.72338e-17)
(-0 -0 -3.06694e-17)
(-0 -0 0)
(-0 -0 3.41524e-18)
(-0 -0 6.83047e-18)
(-0 -0 1.02593e-17)
(-0 -0 1.0266e-17)
(-0 -0 -1.37287e-17)
(-0 -0 1.37219e-17)
(-0 -0 -3.09133e-17)
(-0 -0 2.74981e-17)
(-0 -0 -3.78454e-17)
(-0 -0 1.03338e-17)
(-0 -0 1.37965e-17)
(-0 -0 -1.72524e-17)
(-0 -0 -3.45589e-18)
(-0 -0 1.38371e-17)
(-0 -0 -3.45589e-18)
(-0 -0 6.77626e-21)
(-0 -0 1.38575e-17)
(-0 -0 -2.77556e-17)
(-0 -0 1.38981e-17)
(-0 -0 2.78098e-17)
(-0 -0 6.95922e-18)
(-0 -0 -3.483e-17)
(-0 -0 -3.483e-18)
(-0 -0 1.39591e-17)
(-0 -0 1.39591e-17)
(-0 -0 -2.44691e-17)
(-0 -0 1.05168e-17)
(-0 -0 -3.49655e-18)
(-0 -0 2.45233e-17)
(-0 -0 -3.86044e-17)
(-0 -0 1.4054e-17)
(-0 -0 1.40607e-17)
(-0 -0 -3.16655e-17)
(-0 -0 3.16926e-17)
(-0 -0 -3.51688e-18)
(-0 -0 -3.53043e-18)
(-0 -0 1.41285e-17)
(-0 -0 -2.82706e-17)
(-0 -0 -1.76996e-17)
(-0 -0 2.48011e-17)
(-0 -0 -1.77199e-17)
(-0 -0 1.06387e-17)
(-0 -0 2.48689e-17)
(-0 -0 -7.12185e-18)
(-0 -0 -3.55754e-18)
(-0 -0 7.12863e-18)
(-0 -0 0)
(-0 -0 -1.42776e-17)
(-0 -0 -1.07133e-17)
(-0 -0 -6.77626e-21)
(-0 -0 1.43182e-17)
(-0 -0 -3.58464e-18)
(-0 -0 1.43386e-17)
(-0 -0 -1.793e-17)
(-0 -0 1.43792e-17)
(-0 -0 -1.0781e-17)
(-0 -0 -3.59887e-17)
(-0 -0 1.80113e-17)
(-0 -0 3.24515e-17)
(-0 -0 -3.60836e-17)
(-0 -0 2.16637e-17)
(-0 -0 1.0842e-17)
(-0 -0 2.53364e-17)
(-0 -0 -3.62395e-17)
(-0 -0 1.45012e-17)
(-0 -0 -7.25738e-18)
(-0 -0 -2.17925e-17)
(-0 -0 7.27093e-18)
(-0 -0 2.91176e-17)
(-0 -0 -1.09369e-17)
(-0 -0 3.64563e-18)
(-0 -0 0)
(-0 -0 -1.09437e-17)
(-0 -0 -3.64563e-18)
(-0 -0 3.65918e-18)
(-0 -0 -1.8323e-17)
(-0 -0 7.33869e-18)
(-0 -0 2.93683e-17)
(-0 -0 -1.46977e-17)
(-0 -0 -3.30885e-17)
(-0 -0 4.0495e-17)
(-0 -0 7.3658e-18)
(-0 -0 -1.84382e-17)
(-0 -0 3.68629e-18)
(-0 -0 6.77626e-21)
(-0 -0 3.68629e-18)
(-0 -0 1.10995e-17)
(-0 -0 -3.71339e-18)
(-0 -0 -2.22532e-17)
(-0 -0 7.42001e-18)
(-0 -0 7.43356e-18)
(-0 -0 -3.72694e-18)
(-0 -0 2.97817e-17)
(-0 -0 -3.35357e-17)
(-0 -0 1.49281e-17)
(-0 -0 -3.73304e-17)
(-0 -0 2.24091e-17)
(-0 -0 -1.12215e-17)
(-0 -0 1.1235e-17)
(-0 -0 6.77626e-21)
(-0 -0 -1.12486e-17)
(-0 -0 1.12689e-17)
(-0 -0 4.13284e-17)
(-0 -0 -5.26516e-17)
(-0 -0 1.50501e-17)
(-0 -0 -3.77438e-18)
(-0 -0 -2.63868e-17)
(-0 -0 3.77438e-18)
(-0 -0 1.13435e-17)
(-0 -0 3.40439e-17)
(-0 -0 -3.40778e-17)
(-0 -0 3.78929e-17)
(-0 -0 -2.65562e-17)
(-0 -0 0)
(-0 -0 6.77626e-21)
(-0 -0 -2.28089e-17)
(-0 -0 6.09051e-17)
(-0 -0 -2.66646e-17)
(-0 -0 -2.28902e-17)
(-0 -0 -2.29038e-17)
(-0 -0 3.05745e-17)
(-0 -0 -1.5294e-17)
(-0 -0 1.53211e-17)
(-0 -0 -1.14993e-17)
(-0 -0 -1.14993e-17)
(-0 -0 3.45589e-17)
(-0 -0 -2.69018e-17)
(-0 -0 3.84688e-17)
(-0 -0 -2.30935e-17)
(-0 -0 3.86247e-18)
(-0 -0 -2.31477e-17)
(-0 -0 2.70237e-17)
(-0 -0 -1.93259e-17)
(-0 -0 7.73849e-18)
(-0 -0 0)
(-0 -0 -3.86925e-18)
(-0 -0 1.55176e-17)
(-0 -0 3.8828e-18)
(-0 -0 3.86925e-18)
(-0 -0 -1.16755e-17)
(-0 -0 -3.90313e-18)
(-0 -0 2.72812e-17)
(-0 -0 -5.07068e-17)
(-0 -0 1.56125e-17)
(-0 -0 -3.91668e-18)
(-0 -0 2.73829e-17)
(-0 -0 -1.17365e-17)
(-0 -0 3.13538e-17)
(-0 -0 -1.96241e-17)
(-0 -0 -1.57074e-17)
(-0 -0 1.96512e-17)
(-0 -0 -2.35949e-17)
(-0 -0 2.36288e-17)
(-0 -0 -3.94379e-18)
(-0 -0 -7.89435e-18)
(-0 -0 -7.89435e-18)
(-0 -0 2.76675e-17)
(-0 -0 -7.91468e-18)
(-0 -0 -2.37576e-17)
(-0 -0 3.97089e-18)
(-0 -0 -7.94178e-18)
(-0 -0 3.97767e-18)
(-0 -0 3.57719e-17)
(-0 -0 -3.18349e-17)
(-0 -0 1.19466e-17)
(-0 -0 -7.96211e-18)
(-0 -0 6.77626e-21)
(-0 -0 -3.998e-18)
(-0 -0 -2.79656e-17)
(-0 -0 2.80063e-17)
(-0 -0 2.80198e-17)
(-0 -0 -4.41067e-17)
(-0 -0 2.00645e-17)
(-0 -0 4.01832e-18)
(-0 -0 -8.05698e-18)
(-0 -0 -4.03188e-18)
(-0 -0 8.04342e-18)
(-0 -0 1.20889e-17)
(-0 -0 -2.42116e-17)
(-0 -0 1.61682e-17)
(-0 -0 -8.07731e-18)
(-0 -0 -2.02407e-17)
(-0 -0 3.64563e-17)
(-0 -0 -2.0261e-17)
(-0 -0 0)
(-0 -0 2.43607e-17)
(-0 -0 -1.6263e-17)
(-0 -0 -1.22108e-17)
(-0 -0 6.77626e-21)
(-0 -0 -6.77626e-21)
(-0 -0 -2.44759e-17)
(-0 -0 4.49199e-17)
(-0 -0 -1.63647e-17)
(-0 -0 -1.35525e-20)
(-0 -0 -8.1925e-18)
(-0 -0 2.86975e-17)
(-0 -0 -4.10235e-17)
(-0 -0 3.28513e-17)
(-0 -0 -2.05592e-17)
(-0 -0 -6.77626e-21)
(-0 -0 4.11319e-18)
(-0 -0 6.77626e-21)
(-0 -0 -2.88872e-17)
(-0 -0 4.13352e-18)
(-0 -0 4.9609e-17)
(-0 -0 -4.55162e-17)
(-0 -0 4.1403e-18)
(-0 -0 3.73101e-17)
(-0 -0 -1.65883e-17)
(-0 -0 1.2448e-17)
(-0 -0 -1.24683e-17)
(-0 -0 4.1674e-18)
(-0 -0 6.77626e-21)
(-0 -0 -2.50112e-17)
(-0 -0 2.08641e-17)
(-0 -0 -1.25293e-17)
(-0 -0 4.18163e-17)
(-0 -0 -8.37546e-18)
(-0 -0 -2.51264e-17)
(-0 -0 8.38224e-18)
(-0 -0 -6.77626e-21)
(-0 -0 -4.19451e-18)
(-0 -0 0)
(-0 -0 6.77626e-21)
(-0 -0 -2.10606e-17)
(-0 -0 8.42967e-18)
(-0 -0 2.11081e-17)
(-0 -0 -2.95648e-17)
(-0 -0 4.22161e-18)
(-0 -0 3.38542e-17)
(-0 -0 -1.27123e-17)
(-0 -0 1.69678e-17)
(-0 -0 1.27258e-17)
(-0 -0 -3.82317e-17)
(-0 -0 1.27462e-17)
(-0 -0 -1.27665e-17)
(-0 -0 5.53824e-17)
(-0 -0 -1.27936e-17)
(-0 -0 -4.26701e-17)
(-0 -0 2.56211e-17)
(-0 -0 -3.84892e-17)
(-0 -0 2.5682e-17)
(-0 -0 4.27582e-18)
(-0 -0 1.28546e-17)
(-0 -0 -1.28885e-17)
(-0 -0 -3.86586e-17)
(-0 -0 3.01002e-17)
(-0 -0 3.0134e-17)
(-0 -0 -8.61941e-18)
(-0 -0 -2.58718e-17)
(-0 -0 8.63296e-18)
(-0 -0 -1.2963e-17)
(-0 -0 4.32393e-17)
(-0 -0 -2.16298e-17)
(-0 -0 -4.33681e-18)
(-0 -0 2.16705e-17)
(-0 -0 -8.67362e-18)
(-0 -0 -3.9099e-17)
(-0 -0 1.30579e-17)
(-0 -0 -8.7075e-18)
(-0 -0 1.30782e-17)
(-0 -0 -6.77626e-21)
(-0 -0 4.36391e-18)
(-0 -0 4.37069e-18)
(-0 -0 -1.31188e-17)
(-0 -0 8.76171e-18)
(-0 -0 -1.75166e-17)
(-0 -0 8.77526e-18)
(-0 -0 -4.39102e-18)
(-0 -0 2.19822e-17)
(-0 -0 -8.78881e-18)
(-0 -0 -1.76047e-17)
(-0 -0 4.84571e-17)
(-0 -0 -1.76386e-17)
(-0 -0 -3.75134e-17)
(-0 -0 2.20838e-17)
(-0 -0 -3.53856e-17)
(-0 -0 6.64074e-18)
(-0 -0 2.21652e-17)
(-0 -0 -4.43168e-18)
(-0 -0 1.5538e-17)
(-0 -0 2.22194e-17)
(-0 -0 -2.44691e-17)
(-0 -0 2.22939e-18)
(-0 -0 8.91756e-18)
(-0 -0 -2.00713e-17)
(-0 -0 3.12521e-17)
(-0 -0 -1.34102e-17)
(-0 -0 -3.35425e-17)
(-0 -0 3.58126e-17)
(-0 -0 -2.68814e-17)
(-0 -0 2.23617e-18)
(-0 -0 2.46927e-17)
(-0 -0 -2.02136e-17)
(-0 -0 -1.57413e-17)
(-0 -0 4.50147e-17)
(-0 -0 -3.60429e-17)
(-0 -0 1.57955e-17)
(-0 -0 -9.03954e-18)
(-0 -0 0)
(-0 -0 4.52248e-17)
(-0 -0 -5.88451e-17)
(-0 -0 3.85095e-17)
(-0 -0 -3.62869e-17)
(-0 -0 2.94971e-17)
(-0 -0 -2.72609e-17)
(-0 -0 3.41049e-17)
(-0 -0 -6.77626e-21)
(-0 -0 -2.50586e-17)
(-0 -0 -1.14112e-17)
(-0 -0 -3.19569e-17)
(-0 -0 8.6831e-17)
(-0 -0 -2.74506e-17)
(-0 -0 -3.43353e-17)
(-0 -0 -2.29038e-18)
(-0 -0 0)
(-0 -0 3.90245e-17)
(-0 -0 -9.19539e-18)
(-0 -0 -2.52958e-17)
(-0 -0 4.60108e-18)
(-0 -0 -6.77626e-21)
(-0 -0 -2.07557e-17)
(-0 -0 2.53974e-17)
(-0 -0 2.31003e-17)
(-0 -0 -1.61885e-17)
(-0 -0 -9.24282e-18)
(-0 -0 -9.26315e-18)
(-0 -0 -2.31748e-18)
(-0 -0 -6.966e-18)
(-0 -0 1.6263e-17)
(-0 -0 -1.86008e-17)
(-0 -0 3.95869e-17)
(-0 -0 2.33781e-18)
(-0 -0 4.65529e-18)
(-0 -0 9.33769e-18)
(-0 -0 -9.35124e-18)
(-0 -0 -1.16958e-17)
(-0 -0 6.77626e-21)
(-0 -0 4.68646e-17)
(-0 -0 -6.09864e-17)
(-0 -0 -2.34798e-17)
(-0 -0 -1.175e-17)
(-0 -0 5.17571e-17)
(-0 -0 1.17771e-17)
(-0 -0 -2.35611e-17)
(-0 -0 4.71628e-18)
(-0 -0 1.88854e-17)
(-0 -0 2.60005e-17)
(-0 -0 0)
(-0 -0 -7.1083e-18)
(-0 -0 -9.47999e-18)
(-0 -0 9.48677e-18)
(-0 -0 -7.12185e-18)
(-0 -0 -1.66222e-17)
(-0 -0 -1.18923e-17)
(-0 -0 2.37847e-18)
(-0 -0 -2.14537e-17)
(-0 -0 4.29344e-17)
(-0 -0 1.19262e-17)
(-0 -0 -3.82385e-17)
(-0 -0 2.15282e-17)
(-0 -0 -2.63393e-17)
(-0 -0 -1.917e-17)
(-0 -0 2.15892e-17)
(-0 -0 3.36103e-17)
(-0 -0 -3.36509e-17)
(-0 -0 2.16502e-17)
(-0 -0 -2.89075e-17)
(-0 -0 2.41235e-18)
(-0 -0 6.03087e-17)
(-0 -0 -4.34765e-17)
(-0 -0 2.41642e-17)
(-0 -0 -1.9353e-17)
(-0 -0 2.41235e-18)
(-0 -0 -2.1806e-17)
(-0 -0 3.63885e-17)
(-0 -0 -2.67053e-17)
(-0 -0 4.86536e-18)
(-0 -0 2.43268e-18)
(-0 -0 -3.65308e-17)
(-0 -0 3.65512e-17)
(-0 -0 -7.31836e-18)
(-0 -0 -2.93006e-17)
(-0 -0 3.9099e-17)
(-0 -0 -4.89246e-18)
(-0 -0 2.45301e-18)
(-0 -0 -6.77626e-21)
(-0 -0 4.89924e-18)
(-0 -0 2.21109e-17)
(-0 -0 -1.96579e-17)
(-0 -0 -3.19772e-17)
(-0 -0 -9.85269e-18)
(-0 -0 3.2045e-17)
(-0 -0 4.92634e-18)
(-0 -0 9.87302e-18)
(-0 -0 -5.19197e-17)
(-0 -0 5.44269e-17)
(-0 -0 -1.48536e-17)
(-0 -0 2.47334e-18)
(-0 -0 9.92045e-18)
(-0 -0 -4.71899e-17)
(-0 -0 2.98427e-17)
(-0 -0 1.24412e-17)
(-0 -0 -1.99222e-17)
(-0 -0 1.49552e-17)
(-0 -0 7.48099e-18)
(-0 -0 -3.99596e-17)
(-0 -0 2.75049e-17)
(-0 -0 3.50265e-17)
(-0 -0 -1.25158e-17)
(-0 -0 5.01444e-18)
(-0 -0 -5.51994e-17)
(-0 -0 1.50636e-17)
(-0 -0 -3.51891e-17)
(-0 -0 5.03205e-17)
(-0 -0 1.51111e-17)
(-0 -0 -5.03476e-18)
(-0 -0 -4.03798e-17)
(-0 -0 5.04832e-18)
(-0 -0 5.3092e-17)
(-0 -0 0)
(-0 -0 -8.35784e-17)
(-0 -0 3.29462e-17)
(-0 -0 1.52263e-17)
(-0 -0 1.26987e-17)
(-0 -0 -1.52534e-17)
(-0 -0 -2.79927e-17)
(-0 -0 1.27462e-17)
(-0 -0 4.07796e-17)
(-0 -0 -2.29648e-17)
(-0 -0 5.11608e-18)
(-0 -0 2.30054e-17)
(-0 -0 -3.07168e-17)
(-0 -0 -6.77626e-21)
(-0 -0 -3.84688e-17)
(-0 -0 4.87552e-17)
(-0 -0 7.70461e-18)
(-0 -0 -2.57498e-18)
(-0 -0 1.02999e-17)
(-0 -0 -4.12065e-17)
(-0 -0 7.73172e-18)
(-0 -0 7.73172e-18)
(-0 -0 -1.03338e-17)
(-0 -0 2.5865e-17)
(-0 -0 5.17029e-18)
(-0 -0 -3.36645e-17)
(-0 -0 3.37051e-17)
(-0 -0 -2.07625e-17)
(-0 -0 -2.59802e-17)
(-0 -0 2.86094e-17)
(-0 -0 -1.82214e-17)
(-0 -0 4.42964e-17)
(-0 -0 -3.12928e-17)
(-0 -0 2.08777e-17)
(-0 -0 7.84014e-18)
(-0 -0 -3.39965e-17)
(-0 -0 5.23805e-18)
(-0 -0 -7.86047e-18)
(-0 -0 3.93294e-17)
(-0 -0 -4.46081e-17)
(-0 -0 5.25364e-17)
(-0 -0 -2.10267e-17)
(-0 -0 1.05303e-17)
(-0 -0 -2.63461e-17)
(-0 -0 -3.42676e-17)
(-0 -0 2.37508e-17)
(-0 -0 4.75423e-17)
(-0 -0 -5.29904e-18)
(-0 -0 -2.38186e-17)
(-0 -0 -3.4437e-17)
(-0 -0 2.12233e-17)
(-0 -0 -1.59174e-17)
(-0 -0 2.65697e-17)
(-0 -0 -1.59649e-17)
(-0 -0 1.59717e-17)
(-0 -0 -2.13181e-17)
(-0 -0 6.66717e-17)
(-0 -0 -8.2745e-17)
(-0 -0 2.6712e-17)
(-0 -0 1.33696e-17)
(-0 -0 3.47961e-17)
(-0 -0 -2.94767e-17)
(-0 -0 -8.03665e-18)
(-0 -0 -2.14875e-17)
(-0 -0 5.37358e-17)
(-0 -0 -6.72409e-17)
(-0 -0 3.36441e-17)
(-0 -0 1.75099e-17)
(-0 -0 -1.61682e-17)
(-0 -0 -2.02407e-17)
(-0 -0 4.59431e-17)
(-0 -0 1.62224e-17)
(-0 -0 -3.52027e-17)
(-0 -0 1.62563e-17)
(-0 -0 2.71728e-18)
(-0 -0 -2.57905e-17)
(-0 -0 5.43456e-18)
(-0 -0 4.21687e-17)
(-0 -0 -2.99511e-17)
(-0 -0 -5.44812e-18)
(-0 -0 3.13605e-17)
(-0 -0 5.45489e-18)
(-0 -0 -2.46046e-17)
(-0 -0 1.63986e-17)
(-0 -0 -2.87449e-17)
(-0 -0 -1.50772e-17)
(-0 -0 -1.23531e-17)
(-0 -0 5.21569e-17)
(-0 -0 -3.84621e-17)
(-0 -0 -4.40051e-17)
(-0 -0 2.06608e-17)
(-0 -0 1.10114e-17)
(-0 -0 -1.1025e-17)
(-0 -0 4.1403e-18)
(-0 -0 -2.48553e-17)
(-0 -0 5.67038e-17)
(-0 -0 -3.73711e-17)
(-0 -0 -1.24548e-17)
(-0 -0 4.99275e-17)
(-0 -0 6.93212e-18)
(-0 -0 -2.50112e-17)
(-0 -0 1.80791e-17)
(-0 -0 -5.57009e-18)
(-0 -0 1.25361e-17)
(-0 -0 -6.97955e-18)
(-0 -0 5.44337e-17)
(-0 -0 -5.86892e-17)
(-0 -0 -4.47437e-17)
(-0 -0 6.15962e-17)
(-0 -0 -2.94225e-17)
(-0 -0 -8.40934e-18)
(-0 -0 -1.96512e-17)
(-0 -0 4.07524e-17)
(-0 -0 -1.26581e-17)
(-0 -0 -2.81215e-18)
(-0 -0 1.26716e-17)
(-0 -0 -2.82096e-17)
(-0 -0 -1.41217e-17)
(-0 -0 3.67409e-17)
(-0 -0 -2.4049e-17)
(-0 -0 2.69153e-17)
(-0 -0 2.26734e-17)
(-0 -0 -4.96429e-17)
(-0 -0 2.98156e-17)
(-0 -0 2.55804e-17)
(-0 -0 -2.9863e-17)
(-0 -0 -7.12185e-18)
(-0 -0 2.70712e-17)
(-0 -0 -2.86636e-18)
(-0 -0 -4.2826e-18)
(-0 -0 -1.57345e-17)
(-0 -0 2.00306e-17)
(-0 -0 1.71846e-17)
(-0 -0 -2.14808e-17)
(-0 -0 -3.15571e-17)
(-0 -0 -1.00492e-17)
(-0 -0 6.0363e-17)
(-0 -0 6.77626e-21)
(-0 -0 -3.88686e-17)
(-0 -0 6.62786e-17)
(-0 -0 -6.49166e-17)
(-0 -0 -1.58903e-17)
(-0 -0 3.46809e-17)
(-0 -0 -8.38969e-17)
(-0 -0 5.79235e-17)
(-0 -0 3.33257e-17)
(-0 -0 -6.52825e-17)
(-0 -0 1.7415e-17)
(-0 -0 1.3085e-17)
(-0 -0 8.72783e-18)
(-0 -0 2.0383e-17)
(-0 -0 -4.22636e-17)
(-0 -0 4.22974e-17)
(-0 -0 -5.54773e-17)
(-0 -0 7.16048e-17)
(-0 -0 8.77526e-18)
(-0 -0 -2.34391e-17)
(-0 -0 -2.05117e-17)
(-0 -0 -2.05321e-17)
(-0 -0 3.22889e-17)
(-0 -0 -1.32273e-17)
(-0 -0 5.00224e-17)
(-0 -0 -7.06832e-17)
(-0 -0 4.12742e-17)
(-0 -0 -3.09811e-17)
(-0 -0 5.75915e-17)
(-0 -0 -1.92243e-17)
(-0 -0 -6.65836e-17)
(-0 -0 2.51738e-17)
(-0 -0 -7.40646e-18)
(-0 -0 -7.42001e-18)
(-0 -0 3.56296e-17)
(-0 -0 -4.45201e-18)
(-0 -0 2.67798e-17)
(-0 -0 -4.47911e-18)
(-0 -0 -1.1933e-17)
(-0 -0 -5.96311e-18)
(-0 -0 -1.19398e-17)
(-0 -0 7.62194e-17)
(-0 -0 -5.08694e-17)
(-0 -0 3.00188e-18)
(-0 -0 -1.65002e-17)
(-0 -0 2.70102e-17)
(-0 -0 -1.80316e-17)
(-0 -0 -1.05168e-17)
(-0 -0 -4.06237e-17)
(-0 -0 5.27193e-17)
(-0 -0 7.54198e-18)
(-0 -0 -7.54198e-18)
(-0 -0 -1.58565e-17)
(-0 -0 -1.51246e-17)
(-0 -0 5.59923e-17)
(-0 -0 2.12029e-17)
(-0 -0 -1.66696e-17)
(-0 -0 1.74557e-17)
(-0 -0 -4.32868e-17)
(-0 -0 -5.5484e-17)
(-0 -0 2.20635e-17)
(-0 -0 2.43471e-17)
(-0 -0 -3.50604e-17)
(-0 -0 -3.05609e-18)
(-0 -0 4.12471e-17)
(-0 -0 -1.83433e-17)
(-0 -0 1.75912e-17)
(-0 -0 1.14858e-17)
(-0 -0 -1.45622e-17)
(-0 -0 -2.76133e-17)
(-0 -0 -2.84061e-17)
(-0 -0 1.61411e-17)
(-0 -0 5.38713e-18)
(-0 -0 1.38642e-17)
(-0 -0 2.38931e-17)
(-0 -0 -2.77759e-17)
(-0 -0 -9.26993e-18)
(-0 -0 6.26195e-17)
(-0 -0 -6.88536e-17)
(-0 -0 5.42033e-17)
(-0 -0 -4.26363e-17)
(-0 -0 8.54487e-18)
(-0 -0 -2.33781e-18)
(-0 -0 -3.10353e-18)
(-0 -0 4.20061e-17)
(-0 -0 -6.77626e-21)
(-0 -0 -4.4432e-17)
(-0 -0 1.95089e-17)
(-0 -0 4.06034e-17)
(-0 -0 -3.12657e-17)
(-0 -0 1.09437e-17)
(-0 -0 -5.16826e-17)
(-0 -0 7.21198e-17)
(-0 -0 3.13809e-17)
(-0 -0 -1.04463e-16)
(-0 -0 4.32326e-17)
(-0 -0 -7.07442e-18)
(-0 -0 -2.36221e-17)
(-0 -0 2.37169e-18)
(-0 -0 1.34102e-17)
(-0 -0 1.57955e-17)
(-0 -0 -4.73661e-18)
(-0 -0 -3.16587e-17)
(-0 -0 3.0893e-17)
(-0 -0 -4.51909e-17)
(-0 -0 7.45863e-17)
(-0 -0 -8.10102e-17)
(-0 -0 7.14896e-18)
(-0 -0 3.18281e-17)
(-0 -0 1.59378e-17)
(-0 -0 -3.26751e-17)
(-0 -0 -2.07489e-17)
(-0 -0 -2.38524e-18)
(-0 -0 7.03444e-17)
(-0 -0 -6.24094e-17)
(-0 -0 4.79759e-18)
(-0 -0 3.3678e-17)
(-0 -0 3.65173e-17)
(-0 -0 -3.17129e-17)
(-0 -0 6.43135e-17)
(-0 -0 -9.25638e-18)
(-0 -0 -2.90024e-17)
(-0 -0 2.33781e-17)
(-0 -0 -6.98091e-17)
(-0 -0 -1.85805e-17)
(-0 -0 4.9731e-17)
(-0 -0 -3.8435e-17)
(-0 -0 5.71171e-17)
(-0 -0 4.47911e-18)
(-0 -0 -2.51603e-17)
(-0 -0 2.43268e-18)
(-0 -0 4.88569e-18)
(-0 -0 1.09775e-17)
(-0 -0 -3.70662e-17)
(-0 -0 -8.97177e-18)
(-0 -0 2.57024e-17)
(-0 -0 -2.24565e-17)
(-0 -0 4.12878e-17)
(-0 -0 -3.88754e-17)
(-0 -0 1.06523e-17)
(-0 -0 4.18299e-17)
(-0 -0 -2.33917e-17)
(-0 -0 2.87314e-18)
(-0 -0 -4.68782e-17)
(-0 -0 -7.81303e-18)
(-0 -0 7.29058e-17)
(-0 -0 -8.32735e-17)
(-0 -0 6.56146e-17)
(-0 -0 -4.31648e-17)
(-0 -0 -4.54687e-18)
(-0 -0 1.80045e-17)
(-0 -0 -1.96918e-17)
(-0 -0 -3.93023e-18)
(-0 -0 2.71864e-17)
(-0 -0 -2.65901e-17)
(-0 -0 1.18517e-17)
(-0 -0 -1.22718e-17)
(-0 -0 4.57398e-18)
(-0 -0 -8.11796e-18)
(-0 -0 2.25311e-17)
(-0 -0 5.45218e-17)
(-0 -0 -3.74253e-17)
(-0 -0 4.05898e-17)
(-0 -0 -4.20128e-19)
(-0 -0 -8.55436e-17)
(-0 -0 8.76103e-17)
(-0 -0 -3.0134e-17)
(-0 -0 -1.20956e-17)
(-0 -0 5.06119e-17)
(-0 -0 -2.35949e-17)
(-0 -0 -6.43067e-18)
(-0 -0 -1.75099e-17)
(-0 -0 -3.05203e-17)
(-0 -0 -5.60397e-18)
(-0 -0 7.71749e-17)
(-0 -0 -6.61499e-17)
(-0 -0 2.85755e-17)
(-0 -0 8.76171e-18)
(-0 -0 1.6961e-17)
(-0 -0 -6.17182e-17)
(-0 -0 2.20161e-17)
(-0 -0 -2.26734e-17)
(-0 -0 8.18573e-18)
)
;

boundaryField
{
    bottom
    {
        type            calculated;
        value           uniform (-0 -0 -2.11758e-21);
    }
    top
    {
        type            calculated;
        value           uniform (-0 -0 6.3541e-17);
    }
    sidesX
    {
        type            empty;
    }
    sidesY
    {
        type            empty;
    }
}


// ************************************************************************* //
