/*--------------------------------*- C++ -*----------------------------------*\
| =========                 |                                                 |
| \\      /  F ield         | OpenFOAM: The Open Source CFD Toolbox           |
|  \\    /   O peration     | Version:  v2012                                 |
|   \\  /    A nd           | Website:  www.openfoam.com                      |
|    \\/     M anipulation  |                                                 |
\*---------------------------------------------------------------------------*/
FoamFile
{
    version     2.0;
    format      ascii;
    class       volVectorField;
    location    "48.5";
    object      ja;
}
// * * * * * * * * * * * * * * * * * * * * * * * * * * * * * * * * * * * * * //

dimensions      [1 -2 -1 0 0 0 0];


internalField   nonuniform List<vector> 
3200
(
(-0 -0 2.75274e-06)
(-0 -0 2.76087e-06)
(-0 -0 2.76902e-06)
(-0 -0 2.77719e-06)
(-0 -0 2.78537e-06)
(-0 -0 2.79357e-06)
(-0 -0 2.80178e-06)
(-0 -0 2.81001e-06)
(-0 -0 2.81826e-06)
(-0 -0 2.82652e-06)
(-0 -0 2.8348e-06)
(-0 -0 2.8431e-06)
(-0 -0 2.85142e-06)
(-0 -0 2.85975e-06)
(-0 -0 2.86809e-06)
(-0 -0 2.87646e-06)
(-0 -0 2.88484e-06)
(-0 -0 2.89323e-06)
(-0 -0 2.90164e-06)
(-0 -0 2.91007e-06)
(-0 -0 2.91852e-06)
(-0 -0 2.92698e-06)
(-0 -0 2.93546e-06)
(-0 -0 2.94396e-06)
(-0 -0 2.95247e-06)
(-0 -0 2.961e-06)
(-0 -0 2.96954e-06)
(-0 -0 2.97811e-06)
(-0 -0 2.98668e-06)
(-0 -0 2.99528e-06)
(-0 -0 3.00389e-06)
(-0 -0 3.01252e-06)
(-0 -0 3.02117e-06)
(-0 -0 3.02983e-06)
(-0 -0 3.03851e-06)
(-0 -0 3.0472e-06)
(-0 -0 3.05591e-06)
(-0 -0 3.06464e-06)
(-0 -0 3.07339e-06)
(-0 -0 3.08215e-06)
(-0 -0 3.09093e-06)
(-0 -0 3.09973e-06)
(-0 -0 3.10854e-06)
(-0 -0 3.11737e-06)
(-0 -0 3.12621e-06)
(-0 -0 3.13508e-06)
(-0 -0 3.14396e-06)
(-0 -0 3.15285e-06)
(-0 -0 3.16177e-06)
(-0 -0 3.1707e-06)
(-0 -0 3.17964e-06)
(-0 -0 3.18861e-06)
(-0 -0 3.19759e-06)
(-0 -0 3.20659e-06)
(-0 -0 3.2156e-06)
(-0 -0 3.22463e-06)
(-0 -0 3.23368e-06)
(-0 -0 3.24275e-06)
(-0 -0 3.25183e-06)
(-0 -0 3.26093e-06)
(-0 -0 3.27004e-06)
(-0 -0 3.27917e-06)
(-0 -0 3.28832e-06)
(-0 -0 3.29749e-06)
(-0 -0 3.30667e-06)
(-0 -0 3.31587e-06)
(-0 -0 3.32509e-06)
(-0 -0 3.33433e-06)
(-0 -0 3.34358e-06)
(-0 -0 3.35285e-06)
(-0 -0 3.36213e-06)
(-0 -0 3.37143e-06)
(-0 -0 3.38075e-06)
(-0 -0 3.39009e-06)
(-0 -0 3.39944e-06)
(-0 -0 3.40881e-06)
(-0 -0 3.4182e-06)
(-0 -0 3.4276e-06)
(-0 -0 3.43702e-06)
(-0 -0 3.44646e-06)
(-0 -0 3.45592e-06)
(-0 -0 3.46539e-06)
(-0 -0 3.47488e-06)
(-0 -0 3.48439e-06)
(-0 -0 3.49391e-06)
(-0 -0 3.50345e-06)
(-0 -0 3.51301e-06)
(-0 -0 3.52258e-06)
(-0 -0 3.53218e-06)
(-0 -0 3.54179e-06)
(-0 -0 3.55141e-06)
(-0 -0 3.56105e-06)
(-0 -0 3.57072e-06)
(-0 -0 3.58039e-06)
(-0 -0 3.59009e-06)
(-0 -0 3.5998e-06)
(-0 -0 3.60953e-06)
(-0 -0 3.61927e-06)
(-0 -0 3.62904e-06)
(-0 -0 3.63882e-06)
(-0 -0 3.64862e-06)
(-0 -0 3.65843e-06)
(-0 -0 3.66826e-06)
(-0 -0 3.67811e-06)
(-0 -0 3.68798e-06)
(-0 -0 3.69786e-06)
(-0 -0 3.70776e-06)
(-0 -0 3.71768e-06)
(-0 -0 3.72762e-06)
(-0 -0 3.73757e-06)
(-0 -0 3.74754e-06)
(-0 -0 3.75752e-06)
(-0 -0 3.76753e-06)
(-0 -0 3.77755e-06)
(-0 -0 3.78759e-06)
(-0 -0 3.79764e-06)
(-0 -0 3.80772e-06)
(-0 -0 3.81781e-06)
(-0 -0 3.82791e-06)
(-0 -0 3.83804e-06)
(-0 -0 3.84818e-06)
(-0 -0 3.85834e-06)
(-0 -0 3.86852e-06)
(-0 -0 3.87871e-06)
(-0 -0 3.88892e-06)
(-0 -0 3.89915e-06)
(-0 -0 3.9094e-06)
(-0 -0 3.91966e-06)
(-0 -0 3.92994e-06)
(-0 -0 3.94024e-06)
(-0 -0 3.95055e-06)
(-0 -0 3.96088e-06)
(-0 -0 3.97123e-06)
(-0 -0 3.9816e-06)
(-0 -0 3.99199e-06)
(-0 -0 4.00239e-06)
(-0 -0 4.01281e-06)
(-0 -0 4.02324e-06)
(-0 -0 4.0337e-06)
(-0 -0 4.04417e-06)
(-0 -0 4.05465e-06)
(-0 -0 4.06516e-06)
(-0 -0 4.07568e-06)
(-0 -0 4.08622e-06)
(-0 -0 4.09678e-06)
(-0 -0 4.10736e-06)
(-0 -0 4.11795e-06)
(-0 -0 4.12856e-06)
(-0 -0 4.13918e-06)
(-0 -0 4.14983e-06)
(-0 -0 4.16049e-06)
(-0 -0 4.17117e-06)
(-0 -0 4.18187e-06)
(-0 -0 4.19258e-06)
(-0 -0 4.20331e-06)
(-0 -0 4.21406e-06)
(-0 -0 4.22483e-06)
(-0 -0 4.23561e-06)
(-0 -0 4.24641e-06)
(-0 -0 4.25723e-06)
(-0 -0 4.26806e-06)
(-0 -0 4.27892e-06)
(-0 -0 4.28979e-06)
(-0 -0 4.30068e-06)
(-0 -0 4.31158e-06)
(-0 -0 4.3225e-06)
(-0 -0 4.33344e-06)
(-0 -0 4.3444e-06)
(-0 -0 4.35538e-06)
(-0 -0 4.36637e-06)
(-0 -0 4.37738e-06)
(-0 -0 4.38841e-06)
(-0 -0 4.39945e-06)
(-0 -0 4.41051e-06)
(-0 -0 4.42159e-06)
(-0 -0 4.43269e-06)
(-0 -0 4.4438e-06)
(-0 -0 4.45493e-06)
(-0 -0 4.46608e-06)
(-0 -0 4.47725e-06)
(-0 -0 4.48843e-06)
(-0 -0 4.49963e-06)
(-0 -0 4.51085e-06)
(-0 -0 4.52209e-06)
(-0 -0 4.53334e-06)
(-0 -0 4.54461e-06)
(-0 -0 4.5559e-06)
(-0 -0 4.56721e-06)
(-0 -0 4.57853e-06)
(-0 -0 4.58987e-06)
(-0 -0 4.60123e-06)
(-0 -0 4.61261e-06)
(-0 -0 4.624e-06)
(-0 -0 4.63541e-06)
(-0 -0 4.64684e-06)
(-0 -0 4.65828e-06)
(-0 -0 4.66975e-06)
(-0 -0 4.68123e-06)
(-0 -0 4.69273e-06)
(-0 -0 4.70424e-06)
(-0 -0 4.71577e-06)
(-0 -0 4.72732e-06)
(-0 -0 4.73889e-06)
(-0 -0 4.75048e-06)
(-0 -0 4.76208e-06)
(-0 -0 4.7737e-06)
(-0 -0 4.78533e-06)
(-0 -0 4.79699e-06)
(-0 -0 4.80866e-06)
(-0 -0 4.82035e-06)
(-0 -0 4.83206e-06)
(-0 -0 4.84378e-06)
(-0 -0 4.85552e-06)
(-0 -0 4.86728e-06)
(-0 -0 4.87906e-06)
(-0 -0 4.89085e-06)
(-0 -0 4.90267e-06)
(-0 -0 4.9145e-06)
(-0 -0 4.92634e-06)
(-0 -0 4.93821e-06)
(-0 -0 4.95009e-06)
(-0 -0 4.96199e-06)
(-0 -0 4.9739e-06)
(-0 -0 4.98584e-06)
(-0 -0 4.99779e-06)
(-0 -0 5.00975e-06)
(-0 -0 5.02174e-06)
(-0 -0 5.03374e-06)
(-0 -0 5.04576e-06)
(-0 -0 5.0578e-06)
(-0 -0 5.06986e-06)
(-0 -0 5.08193e-06)
(-0 -0 5.09402e-06)
(-0 -0 5.10613e-06)
(-0 -0 5.11825e-06)
(-0 -0 5.1304e-06)
(-0 -0 5.14256e-06)
(-0 -0 5.15473e-06)
(-0 -0 5.16693e-06)
(-0 -0 5.17914e-06)
(-0 -0 5.19137e-06)
(-0 -0 5.20362e-06)
(-0 -0 5.21588e-06)
(-0 -0 5.22816e-06)
(-0 -0 5.24046e-06)
(-0 -0 5.25278e-06)
(-0 -0 5.26511e-06)
(-0 -0 5.27746e-06)
(-0 -0 5.28983e-06)
(-0 -0 5.30222e-06)
(-0 -0 5.31462e-06)
(-0 -0 5.32704e-06)
(-0 -0 5.33948e-06)
(-0 -0 5.35194e-06)
(-0 -0 5.36441e-06)
(-0 -0 5.3769e-06)
(-0 -0 5.38941e-06)
(-0 -0 5.40193e-06)
(-0 -0 5.41447e-06)
(-0 -0 5.42703e-06)
(-0 -0 5.43961e-06)
(-0 -0 5.4522e-06)
(-0 -0 5.46481e-06)
(-0 -0 5.47744e-06)
(-0 -0 5.49009e-06)
(-0 -0 5.50275e-06)
(-0 -0 5.51543e-06)
(-0 -0 5.52813e-06)
(-0 -0 5.54085e-06)
(-0 -0 5.55358e-06)
(-0 -0 5.56633e-06)
(-0 -0 5.5791e-06)
(-0 -0 5.59188e-06)
(-0 -0 5.60468e-06)
(-0 -0 5.6175e-06)
(-0 -0 5.63034e-06)
(-0 -0 5.64319e-06)
(-0 -0 5.65606e-06)
(-0 -0 5.66895e-06)
(-0 -0 5.68186e-06)
(-0 -0 5.69478e-06)
(-0 -0 5.70772e-06)
(-0 -0 5.72068e-06)
(-0 -0 5.73365e-06)
(-0 -0 5.74664e-06)
(-0 -0 5.75965e-06)
(-0 -0 5.77268e-06)
(-0 -0 5.78572e-06)
(-0 -0 5.79878e-06)
(-0 -0 5.81186e-06)
(-0 -0 5.82496e-06)
(-0 -0 5.83807e-06)
(-0 -0 5.8512e-06)
(-0 -0 5.86434e-06)
(-0 -0 5.87751e-06)
(-0 -0 5.89069e-06)
(-0 -0 5.90389e-06)
(-0 -0 5.9171e-06)
(-0 -0 5.93034e-06)
(-0 -0 5.94359e-06)
(-0 -0 5.95685e-06)
(-0 -0 5.97014e-06)
(-0 -0 5.98344e-06)
(-0 -0 5.99676e-06)
(-0 -0 6.01009e-06)
(-0 -0 6.02344e-06)
(-0 -0 6.03681e-06)
(-0 -0 6.0502e-06)
(-0 -0 6.0636e-06)
(-0 -0 6.07703e-06)
(-0 -0 6.09046e-06)
(-0 -0 6.10392e-06)
(-0 -0 6.11739e-06)
(-0 -0 6.13088e-06)
(-0 -0 6.14439e-06)
(-0 -0 6.15791e-06)
(-0 -0 6.17145e-06)
(-0 -0 6.18501e-06)
(-0 -0 6.19858e-06)
(-0 -0 6.21218e-06)
(-0 -0 6.22579e-06)
(-0 -0 6.23941e-06)
(-0 -0 6.25305e-06)
(-0 -0 6.26671e-06)
(-0 -0 6.28039e-06)
(-0 -0 6.29409e-06)
(-0 -0 6.3078e-06)
(-0 -0 6.32152e-06)
(-0 -0 6.33527e-06)
(-0 -0 6.34903e-06)
(-0 -0 6.36281e-06)
(-0 -0 6.37661e-06)
(-0 -0 6.39042e-06)
(-0 -0 6.40425e-06)
(-0 -0 6.41809e-06)
(-0 -0 6.43196e-06)
(-0 -0 6.44584e-06)
(-0 -0 6.45974e-06)
(-0 -0 6.47365e-06)
(-0 -0 6.48758e-06)
(-0 -0 6.50153e-06)
(-0 -0 6.5155e-06)
(-0 -0 6.52948e-06)
(-0 -0 6.54348e-06)
(-0 -0 6.55749e-06)
(-0 -0 6.57152e-06)
(-0 -0 6.58557e-06)
(-0 -0 6.59964e-06)
(-0 -0 6.61372e-06)
(-0 -0 6.62782e-06)
(-0 -0 6.64194e-06)
(-0 -0 6.65607e-06)
(-0 -0 6.67022e-06)
(-0 -0 6.68439e-06)
(-0 -0 6.69858e-06)
(-0 -0 6.71278e-06)
(-0 -0 6.72699e-06)
(-0 -0 6.74123e-06)
(-0 -0 6.75548e-06)
(-0 -0 6.76975e-06)
(-0 -0 6.78403e-06)
(-0 -0 6.79833e-06)
(-0 -0 6.81265e-06)
(-0 -0 6.82699e-06)
(-0 -0 6.84134e-06)
(-0 -0 6.8557e-06)
(-0 -0 6.87009e-06)
(-0 -0 6.88449e-06)
(-0 -0 6.89891e-06)
(-0 -0 6.91334e-06)
(-0 -0 6.9278e-06)
(-0 -0 6.94226e-06)
(-0 -0 6.95675e-06)
(-0 -0 6.97125e-06)
(-0 -0 6.98577e-06)
(-0 -0 7.0003e-06)
(-0 -0 7.01485e-06)
(-0 -0 7.02942e-06)
(-0 -0 7.044e-06)
(-0 -0 7.05861e-06)
(-0 -0 7.07322e-06)
(-0 -0 7.08786e-06)
(-0 -0 7.10251e-06)
(-0 -0 7.11717e-06)
(-0 -0 7.13186e-06)
(-0 -0 7.14656e-06)
(-0 -0 7.16127e-06)
(-0 -0 7.17601e-06)
(-0 -0 7.19076e-06)
(-0 -0 7.20552e-06)
(-0 -0 7.22031e-06)
(-0 -0 7.2351e-06)
(-0 -0 7.24992e-06)
(-0 -0 7.26475e-06)
(-0 -0 7.2796e-06)
(-0 -0 7.29446e-06)
(-0 -0 7.30934e-06)
(-0 -0 7.32424e-06)
(-0 -0 7.33916e-06)
(-0 -0 7.35409e-06)
(-0 -0 7.36903e-06)
(-0 -0 7.38399e-06)
(-0 -0 7.39897e-06)
(-0 -0 7.41397e-06)
(-0 -0 7.42898e-06)
(-0 -0 7.44401e-06)
(-0 -0 7.45905e-06)
(-0 -0 7.47411e-06)
(-0 -0 7.48919e-06)
(-0 -0 7.50428e-06)
(-0 -0 7.51939e-06)
(-0 -0 7.53452e-06)
(-0 -0 7.54966e-06)
(-0 -0 7.56482e-06)
(-0 -0 7.57999e-06)
(-0 -0 7.59518e-06)
(-0 -0 7.61039e-06)
(-0 -0 7.62561e-06)
(-0 -0 7.64085e-06)
(-0 -0 7.65611e-06)
(-0 -0 7.67138e-06)
(-0 -0 7.68667e-06)
(-0 -0 7.70197e-06)
(-0 -0 7.71729e-06)
(-0 -0 7.73262e-06)
(-0 -0 7.74798e-06)
(-0 -0 7.76334e-06)
(-0 -0 7.77873e-06)
(-0 -0 7.79413e-06)
(-0 -0 7.80954e-06)
(-0 -0 7.82498e-06)
(-0 -0 7.84042e-06)
(-0 -0 7.85589e-06)
(-0 -0 7.87137e-06)
(-0 -0 7.88686e-06)
(-0 -0 7.90238e-06)
(-0 -0 7.9179e-06)
(-0 -0 7.93345e-06)
(-0 -0 7.94901e-06)
(-0 -0 7.96458e-06)
(-0 -0 7.98017e-06)
(-0 -0 7.99578e-06)
(-0 -0 8.0114e-06)
(-0 -0 8.02704e-06)
(-0 -0 8.0427e-06)
(-0 -0 8.05837e-06)
(-0 -0 8.07406e-06)
(-0 -0 8.08976e-06)
(-0 -0 8.10548e-06)
(-0 -0 8.12121e-06)
(-0 -0 8.13696e-06)
(-0 -0 8.15273e-06)
(-0 -0 8.16851e-06)
(-0 -0 8.1843e-06)
(-0 -0 8.20012e-06)
(-0 -0 8.21594e-06)
(-0 -0 8.23179e-06)
(-0 -0 8.24765e-06)
(-0 -0 8.26352e-06)
(-0 -0 8.27942e-06)
(-0 -0 8.29532e-06)
(-0 -0 8.31124e-06)
(-0 -0 8.32718e-06)
(-0 -0 8.34314e-06)
(-0 -0 8.35911e-06)
(-0 -0 8.37509e-06)
(-0 -0 8.39109e-06)
(-0 -0 8.40711e-06)
(-0 -0 8.42314e-06)
(-0 -0 8.43918e-06)
(-0 -0 8.45525e-06)
(-0 -0 8.47132e-06)
(-0 -0 8.48742e-06)
(-0 -0 8.50353e-06)
(-0 -0 8.51965e-06)
(-0 -0 8.53579e-06)
(-0 -0 8.55195e-06)
(-0 -0 8.56812e-06)
(-0 -0 8.5843e-06)
(-0 -0 8.6005e-06)
(-0 -0 8.61672e-06)
(-0 -0 8.63295e-06)
(-0 -0 8.6492e-06)
(-0 -0 8.66546e-06)
(-0 -0 8.68174e-06)
(-0 -0 8.69804e-06)
(-0 -0 8.71434e-06)
(-0 -0 8.73067e-06)
(-0 -0 8.74701e-06)
(-0 -0 8.76336e-06)
(-0 -0 8.77973e-06)
(-0 -0 8.79612e-06)
(-0 -0 8.81252e-06)
(-0 -0 8.82893e-06)
(-0 -0 8.84536e-06)
(-0 -0 8.86181e-06)
(-0 -0 8.87827e-06)
(-0 -0 8.89474e-06)
(-0 -0 8.91124e-06)
(-0 -0 8.92774e-06)
(-0 -0 8.94426e-06)
(-0 -0 8.9608e-06)
(-0 -0 8.97735e-06)
(-0 -0 8.99392e-06)
(-0 -0 9.0105e-06)
(-0 -0 9.02709e-06)
(-0 -0 9.04371e-06)
(-0 -0 9.06033e-06)
(-0 -0 9.07697e-06)
(-0 -0 9.09363e-06)
(-0 -0 9.1103e-06)
(-0 -0 9.12699e-06)
(-0 -0 9.14369e-06)
(-0 -0 9.1604e-06)
(-0 -0 9.17713e-06)
(-0 -0 9.19388e-06)
(-0 -0 9.21064e-06)
(-0 -0 9.22742e-06)
(-0 -0 9.24421e-06)
(-0 -0 9.26101e-06)
(-0 -0 9.27783e-06)
(-0 -0 9.29466e-06)
(-0 -0 9.31151e-06)
(-0 -0 9.32838e-06)
(-0 -0 9.34526e-06)
(-0 -0 9.36215e-06)
(-0 -0 9.37906e-06)
(-0 -0 9.39598e-06)
(-0 -0 9.41292e-06)
(-0 -0 9.42987e-06)
(-0 -0 9.44684e-06)
(-0 -0 9.46382e-06)
(-0 -0 9.48081e-06)
(-0 -0 9.49782e-06)
(-0 -0 9.51485e-06)
(-0 -0 9.53189e-06)
(-0 -0 9.54894e-06)
(-0 -0 9.56601e-06)
(-0 -0 9.58309e-06)
(-0 -0 9.60019e-06)
(-0 -0 9.6173e-06)
(-0 -0 9.63443e-06)
(-0 -0 9.65157e-06)
(-0 -0 9.66872e-06)
(-0 -0 9.68589e-06)
(-0 -0 9.70308e-06)
(-0 -0 9.72027e-06)
(-0 -0 9.73749e-06)
(-0 -0 9.75471e-06)
(-0 -0 9.77195e-06)
(-0 -0 9.78921e-06)
(-0 -0 9.80648e-06)
(-0 -0 9.82376e-06)
(-0 -0 9.84106e-06)
(-0 -0 9.85837e-06)
(-0 -0 9.8757e-06)
(-0 -0 9.89304e-06)
(-0 -0 9.9104e-06)
(-0 -0 9.92777e-06)
(-0 -0 9.94515e-06)
(-0 -0 9.96255e-06)
(-0 -0 9.97996e-06)
(-0 -0 9.99738e-06)
(-0 -0 1.00148e-05)
(-0 -0 1.00323e-05)
(-0 -0 1.00497e-05)
(-0 -0 1.00672e-05)
(-0 -0 1.00847e-05)
(-0 -0 1.01022e-05)
(-0 -0 1.01198e-05)
(-0 -0 1.01373e-05)
(-0 -0 1.01548e-05)
(-0 -0 1.01724e-05)
(-0 -0 1.019e-05)
(-0 -0 1.02076e-05)
(-0 -0 1.02252e-05)
(-0 -0 1.02428e-05)
(-0 -0 1.02604e-05)
(-0 -0 1.02781e-05)
(-0 -0 1.02958e-05)
(-0 -0 1.03134e-05)
(-0 -0 1.03311e-05)
(-0 -0 1.03488e-05)
(-0 -0 1.03665e-05)
(-0 -0 1.03843e-05)
(-0 -0 1.0402e-05)
(-0 -0 1.04198e-05)
(-0 -0 1.04376e-05)
(-0 -0 1.04553e-05)
(-0 -0 1.04731e-05)
(-0 -0 1.0491e-05)
(-0 -0 1.05088e-05)
(-0 -0 1.05266e-05)
(-0 -0 1.05445e-05)
(-0 -0 1.05623e-05)
(-0 -0 1.05802e-05)
(-0 -0 1.05981e-05)
(-0 -0 1.0616e-05)
(-0 -0 1.06339e-05)
(-0 -0 1.06519e-05)
(-0 -0 1.06698e-05)
(-0 -0 1.06878e-05)
(-0 -0 1.07058e-05)
(-0 -0 1.07238e-05)
(-0 -0 1.07418e-05)
(-0 -0 1.07598e-05)
(-0 -0 1.07778e-05)
(-0 -0 1.07958e-05)
(-0 -0 1.08139e-05)
(-0 -0 1.0832e-05)
(-0 -0 1.085e-05)
(-0 -0 1.08681e-05)
(-0 -0 1.08862e-05)
(-0 -0 1.09044e-05)
(-0 -0 1.09225e-05)
(-0 -0 1.09406e-05)
(-0 -0 1.09588e-05)
(-0 -0 1.0977e-05)
(-0 -0 1.09952e-05)
(-0 -0 1.10134e-05)
(-0 -0 1.10316e-05)
(-0 -0 1.10498e-05)
(-0 -0 1.1068e-05)
(-0 -0 1.10863e-05)
(-0 -0 1.11046e-05)
(-0 -0 1.11228e-05)
(-0 -0 1.11411e-05)
(-0 -0 1.11594e-05)
(-0 -0 1.11778e-05)
(-0 -0 1.11961e-05)
(-0 -0 1.12144e-05)
(-0 -0 1.12328e-05)
(-0 -0 1.12511e-05)
(-0 -0 1.12695e-05)
(-0 -0 1.12879e-05)
(-0 -0 1.13063e-05)
(-0 -0 1.13247e-05)
(-0 -0 1.13432e-05)
(-0 -0 1.13616e-05)
(-0 -0 1.13801e-05)
(-0 -0 1.13985e-05)
(-0 -0 1.1417e-05)
(-0 -0 1.14355e-05)
(-0 -0 1.1454e-05)
(-0 -0 1.14726e-05)
(-0 -0 1.14911e-05)
(-0 -0 1.15096e-05)
(-0 -0 1.15282e-05)
(-0 -0 1.15468e-05)
(-0 -0 1.15653e-05)
(-0 -0 1.15839e-05)
(-0 -0 1.16025e-05)
(-0 -0 1.16212e-05)
(-0 -0 1.16398e-05)
(-0 -0 1.16584e-05)
(-0 -0 1.16771e-05)
(-0 -0 1.16958e-05)
(-0 -0 1.17144e-05)
(-0 -0 1.17331e-05)
(-0 -0 1.17518e-05)
(-0 -0 1.17706e-05)
(-0 -0 1.17893e-05)
(-0 -0 1.1808e-05)
(-0 -0 1.18268e-05)
(-0 -0 1.18456e-05)
(-0 -0 1.18643e-05)
(-0 -0 1.18831e-05)
(-0 -0 1.19019e-05)
(-0 -0 1.19208e-05)
(-0 -0 1.19396e-05)
(-0 -0 1.19584e-05)
(-0 -0 1.19773e-05)
(-0 -0 1.19961e-05)
(-0 -0 1.2015e-05)
(-0 -0 1.20339e-05)
(-0 -0 1.20528e-05)
(-0 -0 1.20717e-05)
(-0 -0 1.20906e-05)
(-0 -0 1.21096e-05)
(-0 -0 1.21285e-05)
(-0 -0 1.21475e-05)
(-0 -0 1.21665e-05)
(-0 -0 1.21854e-05)
(-0 -0 1.22044e-05)
(-0 -0 1.22234e-05)
(-0 -0 1.22425e-05)
(-0 -0 1.22615e-05)
(-0 -0 1.22805e-05)
(-0 -0 1.22996e-05)
(-0 -0 1.23187e-05)
(-0 -0 1.23377e-05)
(-0 -0 1.23568e-05)
(-0 -0 1.23759e-05)
(-0 -0 1.2395e-05)
(-0 -0 1.24142e-05)
(-0 -0 1.24333e-05)
(-0 -0 1.24524e-05)
(-0 -0 1.24716e-05)
(-0 -0 1.24908e-05)
(-0 -0 1.251e-05)
(-0 -0 1.25292e-05)
(-0 -0 1.25484e-05)
(-0 -0 1.25676e-05)
(-0 -0 1.25868e-05)
(-0 -0 1.2606e-05)
(-0 -0 1.26253e-05)
(-0 -0 1.26445e-05)
(-0 -0 1.26638e-05)
(-0 -0 1.26831e-05)
(-0 -0 1.27024e-05)
(-0 -0 1.27217e-05)
(-0 -0 1.2741e-05)
(-0 -0 1.27604e-05)
(-0 -0 1.27797e-05)
(-0 -0 1.2799e-05)
(-0 -0 1.28184e-05)
(-0 -0 1.28378e-05)
(-0 -0 1.28572e-05)
(-0 -0 1.28766e-05)
(-0 -0 1.2896e-05)
(-0 -0 1.29154e-05)
(-0 -0 1.29348e-05)
(-0 -0 1.29543e-05)
(-0 -0 1.29737e-05)
(-0 -0 1.29932e-05)
(-0 -0 1.30126e-05)
(-0 -0 1.30321e-05)
(-0 -0 1.30516e-05)
(-0 -0 1.30711e-05)
(-0 -0 1.30906e-05)
(-0 -0 1.31102e-05)
(-0 -0 1.31297e-05)
(-0 -0 1.31493e-05)
(-0 -0 1.31688e-05)
(-0 -0 1.31884e-05)
(-0 -0 1.3208e-05)
(-0 -0 1.32276e-05)
(-0 -0 1.32472e-05)
(-0 -0 1.32668e-05)
(-0 -0 1.32864e-05)
(-0 -0 1.3306e-05)
(-0 -0 1.33257e-05)
(-0 -0 1.33453e-05)
(-0 -0 1.3365e-05)
(-0 -0 1.33847e-05)
(-0 -0 1.34044e-05)
(-0 -0 1.34241e-05)
(-0 -0 1.34438e-05)
(-0 -0 1.34635e-05)
(-0 -0 1.34832e-05)
(-0 -0 1.3503e-05)
(-0 -0 1.35227e-05)
(-0 -0 1.35425e-05)
(-0 -0 1.35622e-05)
(-0 -0 1.3582e-05)
(-0 -0 1.36018e-05)
(-0 -0 1.36216e-05)
(-0 -0 1.36414e-05)
(-0 -0 1.36612e-05)
(-0 -0 1.36811e-05)
(-0 -0 1.37009e-05)
(-0 -0 1.37208e-05)
(-0 -0 1.37406e-05)
(-0 -0 1.37605e-05)
(-0 -0 1.37804e-05)
(-0 -0 1.38003e-05)
(-0 -0 1.38202e-05)
(-0 -0 1.38401e-05)
(-0 -0 1.386e-05)
(-0 -0 1.388e-05)
(-0 -0 1.38999e-05)
(-0 -0 1.39199e-05)
(-0 -0 1.39398e-05)
(-0 -0 1.39598e-05)
(-0 -0 1.39798e-05)
(-0 -0 1.39998e-05)
(-0 -0 1.40198e-05)
(-0 -0 1.40398e-05)
(-0 -0 1.40598e-05)
(-0 -0 1.40798e-05)
(-0 -0 1.40999e-05)
(-0 -0 1.41199e-05)
(-0 -0 1.414e-05)
(-0 -0 1.41601e-05)
(-0 -0 1.41801e-05)
(-0 -0 1.42002e-05)
(-0 -0 1.42203e-05)
(-0 -0 1.42404e-05)
(-0 -0 1.42606e-05)
(-0 -0 1.42807e-05)
(-0 -0 1.43008e-05)
(-0 -0 1.4321e-05)
(-0 -0 1.43411e-05)
(-0 -0 1.43613e-05)
(-0 -0 1.43815e-05)
(-0 -0 1.44016e-05)
(-0 -0 1.44218e-05)
(-0 -0 1.4442e-05)
(-0 -0 1.44623e-05)
(-0 -0 1.44825e-05)
(-0 -0 1.45027e-05)
(-0 -0 1.4523e-05)
(-0 -0 1.45432e-05)
(-0 -0 1.45635e-05)
(-0 -0 1.45837e-05)
(-0 -0 1.4604e-05)
(-0 -0 1.46243e-05)
(-0 -0 1.46446e-05)
(-0 -0 1.46649e-05)
(-0 -0 1.46852e-05)
(-0 -0 1.47055e-05)
(-0 -0 1.47259e-05)
(-0 -0 1.47462e-05)
(-0 -0 1.47666e-05)
(-0 -0 1.47869e-05)
(-0 -0 1.48073e-05)
(-0 -0 1.48277e-05)
(-0 -0 1.48481e-05)
(-0 -0 1.48685e-05)
(-0 -0 1.48889e-05)
(-0 -0 1.49093e-05)
(-0 -0 1.49297e-05)
(-0 -0 1.49501e-05)
(-0 -0 1.49706e-05)
(-0 -0 1.4991e-05)
(-0 -0 1.50115e-05)
(-0 -0 1.50319e-05)
(-0 -0 1.50524e-05)
(-0 -0 1.50729e-05)
(-0 -0 1.50934e-05)
(-0 -0 1.51139e-05)
(-0 -0 1.51344e-05)
(-0 -0 1.51549e-05)
(-0 -0 1.51754e-05)
(-0 -0 1.5196e-05)
(-0 -0 1.52165e-05)
(-0 -0 1.52371e-05)
(-0 -0 1.52576e-05)
(-0 -0 1.52782e-05)
(-0 -0 1.52988e-05)
(-0 -0 1.53194e-05)
(-0 -0 1.534e-05)
(-0 -0 1.53606e-05)
(-0 -0 1.53812e-05)
(-0 -0 1.54018e-05)
(-0 -0 1.54224e-05)
(-0 -0 1.54431e-05)
(-0 -0 1.54637e-05)
(-0 -0 1.54843e-05)
(-0 -0 1.5505e-05)
(-0 -0 1.55257e-05)
(-0 -0 1.55464e-05)
(-0 -0 1.5567e-05)
(-0 -0 1.55877e-05)
(-0 -0 1.56084e-05)
(-0 -0 1.56291e-05)
(-0 -0 1.56499e-05)
(-0 -0 1.56706e-05)
(-0 -0 1.56913e-05)
(-0 -0 1.57121e-05)
(-0 -0 1.57328e-05)
(-0 -0 1.57536e-05)
(-0 -0 1.57743e-05)
(-0 -0 1.57951e-05)
(-0 -0 1.58159e-05)
(-0 -0 1.58367e-05)
(-0 -0 1.58575e-05)
(-0 -0 1.58783e-05)
(-0 -0 1.58991e-05)
(-0 -0 1.59199e-05)
(-0 -0 1.59407e-05)
(-0 -0 1.59616e-05)
(-0 -0 1.59824e-05)
(-0 -0 1.60033e-05)
(-0 -0 1.60241e-05)
(-0 -0 1.6045e-05)
(-0 -0 1.60659e-05)
(-0 -0 1.60867e-05)
(-0 -0 1.61076e-05)
(-0 -0 1.61285e-05)
(-0 -0 1.61494e-05)
(-0 -0 1.61703e-05)
(-0 -0 1.61913e-05)
(-0 -0 1.62122e-05)
(-0 -0 1.62331e-05)
(-0 -0 1.62541e-05)
(-0 -0 1.6275e-05)
(-0 -0 1.6296e-05)
(-0 -0 1.63169e-05)
(-0 -0 1.63379e-05)
(-0 -0 1.63589e-05)
(-0 -0 1.63799e-05)
(-0 -0 1.64009e-05)
(-0 -0 1.64219e-05)
(-0 -0 1.64429e-05)
(-0 -0 1.64639e-05)
(-0 -0 1.64849e-05)
(-0 -0 1.65059e-05)
(-0 -0 1.6527e-05)
(-0 -0 1.6548e-05)
(-0 -0 1.65691e-05)
(-0 -0 1.65901e-05)
(-0 -0 1.66112e-05)
(-0 -0 1.66322e-05)
(-0 -0 1.66533e-05)
(-0 -0 1.66744e-05)
(-0 -0 1.66955e-05)
(-0 -0 1.67166e-05)
(-0 -0 1.67377e-05)
(-0 -0 1.67588e-05)
(-0 -0 1.67799e-05)
(-0 -0 1.68011e-05)
(-0 -0 1.68222e-05)
(-0 -0 1.68433e-05)
(-0 -0 1.68645e-05)
(-0 -0 1.68856e-05)
(-0 -0 1.69068e-05)
(-0 -0 1.6928e-05)
(-0 -0 1.69491e-05)
(-0 -0 1.69703e-05)
(-0 -0 1.69915e-05)
(-0 -0 1.70127e-05)
(-0 -0 1.70339e-05)
(-0 -0 1.70551e-05)
(-0 -0 1.70763e-05)
(-0 -0 1.70975e-05)
(-0 -0 1.71187e-05)
(-0 -0 1.714e-05)
(-0 -0 1.71612e-05)
(-0 -0 1.71825e-05)
(-0 -0 1.72037e-05)
(-0 -0 1.7225e-05)
(-0 -0 1.72462e-05)
(-0 -0 1.72675e-05)
(-0 -0 1.72888e-05)
(-0 -0 1.73101e-05)
(-0 -0 1.73313e-05)
(-0 -0 1.73526e-05)
(-0 -0 1.73739e-05)
(-0 -0 1.73952e-05)
(-0 -0 1.74166e-05)
(-0 -0 1.74379e-05)
(-0 -0 1.74592e-05)
(-0 -0 1.74805e-05)
(-0 -0 1.75019e-05)
(-0 -0 1.75232e-05)
(-0 -0 1.75446e-05)
(-0 -0 1.75659e-05)
(-0 -0 1.75873e-05)
(-0 -0 1.76087e-05)
(-0 -0 1.763e-05)
(-0 -0 1.76514e-05)
(-0 -0 1.76728e-05)
(-0 -0 1.76942e-05)
(-0 -0 1.77156e-05)
(-0 -0 1.7737e-05)
(-0 -0 1.77584e-05)
(-0 -0 1.77798e-05)
(-0 -0 1.78012e-05)
(-0 -0 1.78226e-05)
(-0 -0 1.78441e-05)
(-0 -0 1.78655e-05)
(-0 -0 1.7887e-05)
(-0 -0 1.79084e-05)
(-0 -0 1.79299e-05)
(-0 -0 1.79513e-05)
(-0 -0 1.79728e-05)
(-0 -0 1.79943e-05)
(-0 -0 1.80157e-05)
(-0 -0 1.80372e-05)
(-0 -0 1.80587e-05)
(-0 -0 1.80802e-05)
(-0 -0 1.81017e-05)
(-0 -0 1.81232e-05)
(-0 -0 1.81447e-05)
(-0 -0 1.81662e-05)
(-0 -0 1.81877e-05)
(-0 -0 1.82093e-05)
(-0 -0 1.82308e-05)
(-0 -0 1.82523e-05)
(-0 -0 1.82739e-05)
(-0 -0 1.82954e-05)
(-0 -0 1.8317e-05)
(-0 -0 1.83385e-05)
(-0 -0 1.83601e-05)
(-0 -0 1.83816e-05)
(-0 -0 1.84032e-05)
(-0 -0 1.84248e-05)
(-0 -0 1.84464e-05)
(-0 -0 1.8468e-05)
(-0 -0 1.84896e-05)
(-0 -0 1.85112e-05)
(-0 -0 1.85328e-05)
(-0 -0 1.85544e-05)
(-0 -0 1.8576e-05)
(-0 -0 1.85976e-05)
(-0 -0 1.86192e-05)
(-0 -0 1.86408e-05)
(-0 -0 1.86625e-05)
(-0 -0 1.86841e-05)
(-0 -0 1.87057e-05)
(-0 -0 1.87274e-05)
(-0 -0 1.8749e-05)
(-0 -0 1.87707e-05)
(-0 -0 1.87924e-05)
(-0 -0 1.8814e-05)
(-0 -0 1.88357e-05)
(-0 -0 1.88574e-05)
(-0 -0 1.8879e-05)
(-0 -0 1.89007e-05)
(-0 -0 1.89224e-05)
(-0 -0 1.89441e-05)
(-0 -0 1.89658e-05)
(-0 -0 1.89875e-05)
(-0 -0 1.90092e-05)
(-0 -0 1.90309e-05)
(-0 -0 1.90526e-05)
(-0 -0 1.90743e-05)
(-0 -0 1.90961e-05)
(-0 -0 1.91178e-05)
(-0 -0 1.91395e-05)
(-0 -0 1.91613e-05)
(-0 -0 1.9183e-05)
(-0 -0 1.92048e-05)
(-0 -0 1.92265e-05)
(-0 -0 1.92483e-05)
(-0 -0 1.927e-05)
(-0 -0 1.92918e-05)
(-0 -0 1.93135e-05)
(-0 -0 1.93353e-05)
(-0 -0 1.93571e-05)
(-0 -0 1.93789e-05)
(-0 -0 1.94006e-05)
(-0 -0 1.94224e-05)
(-0 -0 1.94442e-05)
(-0 -0 1.9466e-05)
(-0 -0 1.94878e-05)
(-0 -0 1.95096e-05)
(-0 -0 1.95314e-05)
(-0 -0 1.95532e-05)
(-0 -0 1.9575e-05)
(-0 -0 1.95969e-05)
(-0 -0 1.96187e-05)
(-0 -0 1.96405e-05)
(-0 -0 1.96623e-05)
(-0 -0 1.96842e-05)
(-0 -0 1.9706e-05)
(-0 -0 1.97279e-05)
(-0 -0 1.97497e-05)
(-0 -0 1.97716e-05)
(-0 -0 1.97934e-05)
(-0 -0 1.98153e-05)
(-0 -0 1.98371e-05)
(-0 -0 1.9859e-05)
(-0 -0 1.98808e-05)
(-0 -0 1.99027e-05)
(-0 -0 1.99246e-05)
(-0 -0 1.99465e-05)
(-0 -0 1.99683e-05)
(-0 -0 1.99902e-05)
(-0 -0 2.00121e-05)
(-0 -0 2.0034e-05)
(-0 -0 2.00559e-05)
(-0 -0 2.00778e-05)
(-0 -0 2.00997e-05)
(-0 -0 2.01216e-05)
(-0 -0 2.01435e-05)
(-0 -0 2.01654e-05)
(-0 -0 2.01873e-05)
(-0 -0 2.02093e-05)
(-0 -0 2.02312e-05)
(-0 -0 2.02531e-05)
(-0 -0 2.0275e-05)
(-0 -0 2.0297e-05)
(-0 -0 2.03189e-05)
(-0 -0 2.03408e-05)
(-0 -0 2.03628e-05)
(-0 -0 2.03847e-05)
(-0 -0 2.04067e-05)
(-0 -0 2.04286e-05)
(-0 -0 2.04506e-05)
(-0 -0 2.04725e-05)
(-0 -0 2.04945e-05)
(-0 -0 2.05164e-05)
(-0 -0 2.05384e-05)
(-0 -0 2.05604e-05)
(-0 -0 2.05823e-05)
(-0 -0 2.06043e-05)
(-0 -0 2.06263e-05)
(-0 -0 2.06483e-05)
(-0 -0 2.06703e-05)
(-0 -0 2.06922e-05)
(-0 -0 2.07142e-05)
(-0 -0 2.07362e-05)
(-0 -0 2.07582e-05)
(-0 -0 2.07802e-05)
(-0 -0 2.08022e-05)
(-0 -0 2.08242e-05)
(-0 -0 2.08462e-05)
(-0 -0 2.08682e-05)
(-0 -0 2.08902e-05)
(-0 -0 2.09122e-05)
(-0 -0 2.09343e-05)
(-0 -0 2.09563e-05)
(-0 -0 2.09783e-05)
(-0 -0 2.10003e-05)
(-0 -0 2.10223e-05)
(-0 -0 2.10444e-05)
(-0 -0 2.10664e-05)
(-0 -0 2.10884e-05)
(-0 -0 2.11104e-05)
(-0 -0 2.11325e-05)
(-0 -0 2.11545e-05)
(-0 -0 2.11766e-05)
(-0 -0 2.11986e-05)
(-0 -0 2.12207e-05)
(-0 -0 2.12427e-05)
(-0 -0 2.12647e-05)
(-0 -0 2.12868e-05)
(-0 -0 2.13089e-05)
(-0 -0 2.13309e-05)
(-0 -0 2.1353e-05)
(-0 -0 2.1375e-05)
(-0 -0 2.13971e-05)
(-0 -0 2.14192e-05)
(-0 -0 2.14412e-05)
(-0 -0 2.14633e-05)
(-0 -0 2.14854e-05)
(-0 -0 2.15074e-05)
(-0 -0 2.15295e-05)
(-0 -0 2.15516e-05)
(-0 -0 2.15737e-05)
(-0 -0 2.15957e-05)
(-0 -0 2.16178e-05)
(-0 -0 2.16399e-05)
(-0 -0 2.1662e-05)
(-0 -0 2.16841e-05)
(-0 -0 2.17062e-05)
(-0 -0 2.17283e-05)
(-0 -0 2.17504e-05)
(-0 -0 2.17725e-05)
(-0 -0 2.17946e-05)
(-0 -0 2.18167e-05)
(-0 -0 2.18388e-05)
(-0 -0 2.18609e-05)
(-0 -0 2.1883e-05)
(-0 -0 2.19051e-05)
(-0 -0 2.19272e-05)
(-0 -0 2.19493e-05)
(-0 -0 2.19714e-05)
(-0 -0 2.19935e-05)
(-0 -0 2.20156e-05)
(-0 -0 2.20377e-05)
(-0 -0 2.20598e-05)
(-0 -0 2.2082e-05)
(-0 -0 2.21041e-05)
(-0 -0 2.21262e-05)
(-0 -0 2.21483e-05)
(-0 -0 2.21704e-05)
(-0 -0 2.21926e-05)
(-0 -0 2.22147e-05)
(-0 -0 2.22368e-05)
(-0 -0 2.2259e-05)
(-0 -0 2.22811e-05)
(-0 -0 2.23032e-05)
(-0 -0 2.23253e-05)
(-0 -0 2.23475e-05)
(-0 -0 2.23696e-05)
(-0 -0 2.23917e-05)
(-0 -0 2.24139e-05)
(-0 -0 2.2436e-05)
(-0 -0 2.24582e-05)
(-0 -0 2.24803e-05)
(-0 -0 2.25024e-05)
(-0 -0 2.25246e-05)
(-0 -0 2.25467e-05)
(-0 -0 2.25689e-05)
(-0 -0 2.2591e-05)
(-0 -0 2.26132e-05)
(-0 -0 2.26353e-05)
(-0 -0 2.26575e-05)
(-0 -0 2.26796e-05)
(-0 -0 2.27018e-05)
(-0 -0 2.27239e-05)
(-0 -0 2.27461e-05)
(-0 -0 2.27682e-05)
(-0 -0 2.27904e-05)
(-0 -0 2.28125e-05)
(-0 -0 2.28347e-05)
(-0 -0 2.28568e-05)
(-0 -0 2.2879e-05)
(-0 -0 2.29012e-05)
(-0 -0 2.29233e-05)
(-0 -0 2.29455e-05)
(-0 -0 2.29676e-05)
(-0 -0 2.29898e-05)
(-0 -0 2.30119e-05)
(-0 -0 2.30341e-05)
(-0 -0 2.30563e-05)
(-0 -0 2.30784e-05)
(-0 -0 2.31006e-05)
(-0 -0 2.31228e-05)
(-0 -0 2.31449e-05)
(-0 -0 2.31671e-05)
(-0 -0 2.31893e-05)
(-0 -0 2.32114e-05)
(-0 -0 2.32336e-05)
(-0 -0 2.32557e-05)
(-0 -0 2.32779e-05)
(-0 -0 2.33001e-05)
(-0 -0 2.33222e-05)
(-0 -0 2.33444e-05)
(-0 -0 2.33666e-05)
(-0 -0 2.33887e-05)
(-0 -0 2.34109e-05)
(-0 -0 2.34331e-05)
(-0 -0 2.34553e-05)
(-0 -0 2.34774e-05)
(-0 -0 2.34996e-05)
(-0 -0 2.35218e-05)
(-0 -0 2.35439e-05)
(-0 -0 2.35661e-05)
(-0 -0 2.35883e-05)
(-0 -0 2.36104e-05)
(-0 -0 2.36326e-05)
(-0 -0 2.36548e-05)
(-0 -0 2.36769e-05)
(-0 -0 2.36991e-05)
(-0 -0 2.37213e-05)
(-0 -0 2.37435e-05)
(-0 -0 2.37656e-05)
(-0 -0 2.37878e-05)
(-0 -0 2.381e-05)
(-0 -0 2.38321e-05)
(-0 -0 2.38543e-05)
(-0 -0 2.38765e-05)
(-0 -0 2.38986e-05)
(-0 -0 2.39208e-05)
(-0 -0 2.3943e-05)
(-0 -0 2.39651e-05)
(-0 -0 2.39873e-05)
(-0 -0 2.40095e-05)
(-0 -0 2.40316e-05)
(-0 -0 2.40538e-05)
(-0 -0 2.4076e-05)
(-0 -0 2.40981e-05)
(-0 -0 2.41203e-05)
(-0 -0 2.41425e-05)
(-0 -0 2.41646e-05)
(-0 -0 2.41868e-05)
(-0 -0 2.4209e-05)
(-0 -0 2.42311e-05)
(-0 -0 2.42533e-05)
(-0 -0 2.42755e-05)
(-0 -0 2.42976e-05)
(-0 -0 2.43198e-05)
(-0 -0 2.43419e-05)
(-0 -0 2.43641e-05)
(-0 -0 2.43863e-05)
(-0 -0 2.44084e-05)
(-0 -0 2.44306e-05)
(-0 -0 2.44527e-05)
(-0 -0 2.44749e-05)
(-0 -0 2.44971e-05)
(-0 -0 2.45192e-05)
(-0 -0 2.45414e-05)
(-0 -0 2.45635e-05)
(-0 -0 2.45857e-05)
(-0 -0 2.46078e-05)
(-0 -0 2.463e-05)
(-0 -0 2.46521e-05)
(-0 -0 2.46743e-05)
(-0 -0 2.46964e-05)
(-0 -0 2.47186e-05)
(-0 -0 2.47407e-05)
(-0 -0 2.47629e-05)
(-0 -0 2.4785e-05)
(-0 -0 2.48072e-05)
(-0 -0 2.48293e-05)
(-0 -0 2.48515e-05)
(-0 -0 2.48736e-05)
(-0 -0 2.48957e-05)
(-0 -0 2.49179e-05)
(-0 -0 2.494e-05)
(-0 -0 2.49622e-05)
(-0 -0 2.49843e-05)
(-0 -0 2.50064e-05)
(-0 -0 2.50286e-05)
(-0 -0 2.50507e-05)
(-0 -0 2.50728e-05)
(-0 -0 2.5095e-05)
(-0 -0 2.51171e-05)
(-0 -0 2.51392e-05)
(-0 -0 2.51613e-05)
(-0 -0 2.51835e-05)
(-0 -0 2.52056e-05)
(-0 -0 2.52277e-05)
(-0 -0 2.52498e-05)
(-0 -0 2.5272e-05)
(-0 -0 2.52941e-05)
(-0 -0 2.53162e-05)
(-0 -0 2.53383e-05)
(-0 -0 2.53604e-05)
(-0 -0 2.53825e-05)
(-0 -0 2.54047e-05)
(-0 -0 2.54268e-05)
(-0 -0 2.54489e-05)
(-0 -0 2.5471e-05)
(-0 -0 2.54931e-05)
(-0 -0 2.55152e-05)
(-0 -0 2.55373e-05)
(-0 -0 2.55594e-05)
(-0 -0 2.55815e-05)
(-0 -0 2.56036e-05)
(-0 -0 2.56257e-05)
(-0 -0 2.56478e-05)
(-0 -0 2.56699e-05)
(-0 -0 2.5692e-05)
(-0 -0 2.57141e-05)
(-0 -0 2.57362e-05)
(-0 -0 2.57582e-05)
(-0 -0 2.57803e-05)
(-0 -0 2.58024e-05)
(-0 -0 2.58245e-05)
(-0 -0 2.58466e-05)
(-0 -0 2.58686e-05)
(-0 -0 2.58907e-05)
(-0 -0 2.59128e-05)
(-0 -0 2.59349e-05)
(-0 -0 2.59569e-05)
(-0 -0 2.5979e-05)
(-0 -0 2.60011e-05)
(-0 -0 2.60231e-05)
(-0 -0 2.60452e-05)
(-0 -0 2.60673e-05)
(-0 -0 2.60893e-05)
(-0 -0 2.61114e-05)
(-0 -0 2.61334e-05)
(-0 -0 2.61555e-05)
(-0 -0 2.61775e-05)
(-0 -0 2.61996e-05)
(-0 -0 2.62216e-05)
(-0 -0 2.62437e-05)
(-0 -0 2.62657e-05)
(-0 -0 2.62878e-05)
(-0 -0 2.63098e-05)
(-0 -0 2.63318e-05)
(-0 -0 2.63539e-05)
(-0 -0 2.63759e-05)
(-0 -0 2.63979e-05)
(-0 -0 2.642e-05)
(-0 -0 2.6442e-05)
(-0 -0 2.6464e-05)
(-0 -0 2.6486e-05)
(-0 -0 2.6508e-05)
(-0 -0 2.65301e-05)
(-0 -0 2.65521e-05)
(-0 -0 2.65741e-05)
(-0 -0 2.65961e-05)
(-0 -0 2.66181e-05)
(-0 -0 2.66401e-05)
(-0 -0 2.66621e-05)
(-0 -0 2.66841e-05)
(-0 -0 2.67061e-05)
(-0 -0 2.67281e-05)
(-0 -0 2.67501e-05)
(-0 -0 2.67721e-05)
(-0 -0 2.67941e-05)
(-0 -0 2.6816e-05)
(-0 -0 2.6838e-05)
(-0 -0 2.686e-05)
(-0 -0 2.6882e-05)
(-0 -0 2.69039e-05)
(-0 -0 2.69259e-05)
(-0 -0 2.69479e-05)
(-0 -0 2.69699e-05)
(-0 -0 2.69918e-05)
(-0 -0 2.70138e-05)
(-0 -0 2.70357e-05)
(-0 -0 2.70577e-05)
(-0 -0 2.70796e-05)
(-0 -0 2.71016e-05)
(-0 -0 2.71235e-05)
(-0 -0 2.71455e-05)
(-0 -0 2.71674e-05)
(-0 -0 2.71894e-05)
(-0 -0 2.72113e-05)
(-0 -0 2.72332e-05)
(-0 -0 2.72551e-05)
(-0 -0 2.72771e-05)
(-0 -0 2.7299e-05)
(-0 -0 2.73209e-05)
(-0 -0 2.73428e-05)
(-0 -0 2.73648e-05)
(-0 -0 2.73867e-05)
(-0 -0 2.74086e-05)
(-0 -0 2.74305e-05)
(-0 -0 2.74524e-05)
(-0 -0 2.74743e-05)
(-0 -0 2.74962e-05)
(-0 -0 2.75181e-05)
(-0 -0 2.754e-05)
(-0 -0 2.75618e-05)
(-0 -0 2.75837e-05)
(-0 -0 2.76056e-05)
(-0 -0 2.76275e-05)
(-0 -0 2.76494e-05)
(-0 -0 2.76712e-05)
(-0 -0 2.76931e-05)
(-0 -0 2.7715e-05)
(-0 -0 2.77368e-05)
(-0 -0 2.77587e-05)
(-0 -0 2.77805e-05)
(-0 -0 2.78024e-05)
(-0 -0 2.78242e-05)
(-0 -0 2.78461e-05)
(-0 -0 2.78679e-05)
(-0 -0 2.78898e-05)
(-0 -0 2.79116e-05)
(-0 -0 2.79334e-05)
(-0 -0 2.79553e-05)
(-0 -0 2.79771e-05)
(-0 -0 2.79989e-05)
(-0 -0 2.80207e-05)
(-0 -0 2.80425e-05)
(-0 -0 2.80644e-05)
(-0 -0 2.80862e-05)
(-0 -0 2.8108e-05)
(-0 -0 2.81298e-05)
(-0 -0 2.81516e-05)
(-0 -0 2.81734e-05)
(-0 -0 2.81952e-05)
(-0 -0 2.82169e-05)
(-0 -0 2.82387e-05)
(-0 -0 2.82605e-05)
(-0 -0 2.82823e-05)
(-0 -0 2.83041e-05)
(-0 -0 2.83258e-05)
(-0 -0 2.83476e-05)
(-0 -0 2.83694e-05)
(-0 -0 2.83911e-05)
(-0 -0 2.84129e-05)
(-0 -0 2.84346e-05)
(-0 -0 2.84564e-05)
(-0 -0 2.84781e-05)
(-0 -0 2.84998e-05)
(-0 -0 2.85216e-05)
(-0 -0 2.85433e-05)
(-0 -0 2.8565e-05)
(-0 -0 2.85868e-05)
(-0 -0 2.86085e-05)
(-0 -0 2.86302e-05)
(-0 -0 2.86519e-05)
(-0 -0 2.86736e-05)
(-0 -0 2.86953e-05)
(-0 -0 2.8717e-05)
(-0 -0 2.87387e-05)
(-0 -0 2.87604e-05)
(-0 -0 2.87821e-05)
(-0 -0 2.88038e-05)
(-0 -0 2.88255e-05)
(-0 -0 2.88471e-05)
(-0 -0 2.88688e-05)
(-0 -0 2.88905e-05)
(-0 -0 2.89122e-05)
(-0 -0 2.89338e-05)
(-0 -0 2.89555e-05)
(-0 -0 2.89771e-05)
(-0 -0 2.89988e-05)
(-0 -0 2.90204e-05)
(-0 -0 2.90421e-05)
(-0 -0 2.90637e-05)
(-0 -0 2.90853e-05)
(-0 -0 2.9107e-05)
(-0 -0 2.91286e-05)
(-0 -0 2.91502e-05)
(-0 -0 2.91718e-05)
(-0 -0 2.91934e-05)
(-0 -0 2.9215e-05)
(-0 -0 2.92366e-05)
(-0 -0 2.92582e-05)
(-0 -0 2.92798e-05)
(-0 -0 2.93014e-05)
(-0 -0 2.9323e-05)
(-0 -0 2.93446e-05)
(-0 -0 2.93662e-05)
(-0 -0 2.93877e-05)
(-0 -0 2.94093e-05)
(-0 -0 2.94309e-05)
(-0 -0 2.94524e-05)
(-0 -0 2.9474e-05)
(-0 -0 2.94955e-05)
(-0 -0 2.95171e-05)
(-0 -0 2.95386e-05)
(-0 -0 2.95602e-05)
(-0 -0 2.95817e-05)
(-0 -0 2.96032e-05)
(-0 -0 2.96247e-05)
(-0 -0 2.96463e-05)
(-0 -0 2.96678e-05)
(-0 -0 2.96893e-05)
(-0 -0 2.97108e-05)
(-0 -0 2.97323e-05)
(-0 -0 2.97538e-05)
(-0 -0 2.97753e-05)
(-0 -0 2.97968e-05)
(-0 -0 2.98182e-05)
(-0 -0 2.98397e-05)
(-0 -0 2.98612e-05)
(-0 -0 2.98827e-05)
(-0 -0 2.99041e-05)
(-0 -0 2.99256e-05)
(-0 -0 2.9947e-05)
(-0 -0 2.99685e-05)
(-0 -0 2.99899e-05)
(-0 -0 3.00114e-05)
(-0 -0 3.00328e-05)
(-0 -0 3.00542e-05)
(-0 -0 3.00757e-05)
(-0 -0 3.00971e-05)
(-0 -0 3.01185e-05)
(-0 -0 3.01399e-05)
(-0 -0 3.01613e-05)
(-0 -0 3.01827e-05)
(-0 -0 3.02041e-05)
(-0 -0 3.02255e-05)
(-0 -0 3.02469e-05)
(-0 -0 3.02683e-05)
(-0 -0 3.02897e-05)
(-0 -0 3.0311e-05)
(-0 -0 3.03324e-05)
(-0 -0 3.03538e-05)
(-0 -0 3.03751e-05)
(-0 -0 3.03965e-05)
(-0 -0 3.04178e-05)
(-0 -0 3.04392e-05)
(-0 -0 3.04605e-05)
(-0 -0 3.04818e-05)
(-0 -0 3.05032e-05)
(-0 -0 3.05245e-05)
(-0 -0 3.05458e-05)
(-0 -0 3.05671e-05)
(-0 -0 3.05884e-05)
(-0 -0 3.06097e-05)
(-0 -0 3.0631e-05)
(-0 -0 3.06523e-05)
(-0 -0 3.06736e-05)
(-0 -0 3.06949e-05)
(-0 -0 3.07162e-05)
(-0 -0 3.07374e-05)
(-0 -0 3.07587e-05)
(-0 -0 3.078e-05)
(-0 -0 3.08012e-05)
(-0 -0 3.08225e-05)
(-0 -0 3.08437e-05)
(-0 -0 3.08649e-05)
(-0 -0 3.08862e-05)
(-0 -0 3.09074e-05)
(-0 -0 3.09286e-05)
(-0 -0 3.09498e-05)
(-0 -0 3.09711e-05)
(-0 -0 3.09923e-05)
(-0 -0 3.10135e-05)
(-0 -0 3.10347e-05)
(-0 -0 3.10559e-05)
(-0 -0 3.1077e-05)
(-0 -0 3.10982e-05)
(-0 -0 3.11194e-05)
(-0 -0 3.11406e-05)
(-0 -0 3.11617e-05)
(-0 -0 3.11829e-05)
(-0 -0 3.1204e-05)
(-0 -0 3.12252e-05)
(-0 -0 3.12463e-05)
(-0 -0 3.12675e-05)
(-0 -0 3.12886e-05)
(-0 -0 3.13097e-05)
(-0 -0 3.13309e-05)
(-0 -0 3.1352e-05)
(-0 -0 3.13731e-05)
(-0 -0 3.13942e-05)
(-0 -0 3.14153e-05)
(-0 -0 3.14364e-05)
(-0 -0 3.14575e-05)
(-0 -0 3.14785e-05)
(-0 -0 3.14996e-05)
(-0 -0 3.15207e-05)
(-0 -0 3.15418e-05)
(-0 -0 3.15628e-05)
(-0 -0 3.15839e-05)
(-0 -0 3.16049e-05)
(-0 -0 3.1626e-05)
(-0 -0 3.1647e-05)
(-0 -0 3.1668e-05)
(-0 -0 3.1689e-05)
(-0 -0 3.17101e-05)
(-0 -0 3.17311e-05)
(-0 -0 3.17521e-05)
(-0 -0 3.17731e-05)
(-0 -0 3.17941e-05)
(-0 -0 3.18151e-05)
(-0 -0 3.18361e-05)
(-0 -0 3.1857e-05)
(-0 -0 3.1878e-05)
(-0 -0 3.1899e-05)
(-0 -0 3.19199e-05)
(-0 -0 3.19409e-05)
(-0 -0 3.19618e-05)
(-0 -0 3.19828e-05)
(-0 -0 3.20037e-05)
(-0 -0 3.20247e-05)
(-0 -0 3.20456e-05)
(-0 -0 3.20665e-05)
(-0 -0 3.20874e-05)
(-0 -0 3.21083e-05)
(-0 -0 3.21292e-05)
(-0 -0 3.21501e-05)
(-0 -0 3.2171e-05)
(-0 -0 3.21919e-05)
(-0 -0 3.22128e-05)
(-0 -0 3.22336e-05)
(-0 -0 3.22545e-05)
(-0 -0 3.22754e-05)
(-0 -0 3.22962e-05)
(-0 -0 3.23171e-05)
(-0 -0 3.23379e-05)
(-0 -0 3.23588e-05)
(-0 -0 3.23796e-05)
(-0 -0 3.24004e-05)
(-0 -0 3.24212e-05)
(-0 -0 3.2442e-05)
(-0 -0 3.24628e-05)
(-0 -0 3.24836e-05)
(-0 -0 3.25044e-05)
(-0 -0 3.25252e-05)
(-0 -0 3.2546e-05)
(-0 -0 3.25668e-05)
(-0 -0 3.25875e-05)
(-0 -0 3.26083e-05)
(-0 -0 3.26291e-05)
(-0 -0 3.26498e-05)
(-0 -0 3.26706e-05)
(-0 -0 3.26913e-05)
(-0 -0 3.2712e-05)
(-0 -0 3.27327e-05)
(-0 -0 3.27535e-05)
(-0 -0 3.27742e-05)
(-0 -0 3.27949e-05)
(-0 -0 3.28156e-05)
(-0 -0 3.28363e-05)
(-0 -0 3.2857e-05)
(-0 -0 3.28776e-05)
(-0 -0 3.28983e-05)
(-0 -0 3.2919e-05)
(-0 -0 3.29396e-05)
(-0 -0 3.29603e-05)
(-0 -0 3.29809e-05)
(-0 -0 3.30016e-05)
(-0 -0 3.30222e-05)
(-0 -0 3.30428e-05)
(-0 -0 3.30635e-05)
(-0 -0 3.30841e-05)
(-0 -0 3.31047e-05)
(-0 -0 3.31253e-05)
(-0 -0 3.31459e-05)
(-0 -0 3.31665e-05)
(-0 -0 3.31871e-05)
(-0 -0 3.32076e-05)
(-0 -0 3.32282e-05)
(-0 -0 3.32488e-05)
(-0 -0 3.32693e-05)
(-0 -0 3.32899e-05)
(-0 -0 3.33104e-05)
(-0 -0 3.3331e-05)
(-0 -0 3.33515e-05)
(-0 -0 3.3372e-05)
(-0 -0 3.33925e-05)
(-0 -0 3.34131e-05)
(-0 -0 3.34336e-05)
(-0 -0 3.34541e-05)
(-0 -0 3.34745e-05)
(-0 -0 3.3495e-05)
(-0 -0 3.35155e-05)
(-0 -0 3.3536e-05)
(-0 -0 3.35564e-05)
(-0 -0 3.35769e-05)
(-0 -0 3.35974e-05)
(-0 -0 3.36178e-05)
(-0 -0 3.36382e-05)
(-0 -0 3.36587e-05)
(-0 -0 3.36791e-05)
(-0 -0 3.36995e-05)
(-0 -0 3.37199e-05)
(-0 -0 3.37403e-05)
(-0 -0 3.37607e-05)
(-0 -0 3.37811e-05)
(-0 -0 3.38015e-05)
(-0 -0 3.38219e-05)
(-0 -0 3.38423e-05)
(-0 -0 3.38626e-05)
(-0 -0 3.3883e-05)
(-0 -0 3.39033e-05)
(-0 -0 3.39237e-05)
(-0 -0 3.3944e-05)
(-0 -0 3.39643e-05)
(-0 -0 3.39847e-05)
(-0 -0 3.4005e-05)
(-0 -0 3.40253e-05)
(-0 -0 3.40456e-05)
(-0 -0 3.40659e-05)
(-0 -0 3.40862e-05)
(-0 -0 3.41064e-05)
(-0 -0 3.41267e-05)
(-0 -0 3.4147e-05)
(-0 -0 3.41672e-05)
(-0 -0 3.41875e-05)
(-0 -0 3.42077e-05)
(-0 -0 3.4228e-05)
(-0 -0 3.42482e-05)
(-0 -0 3.42684e-05)
(-0 -0 3.42887e-05)
(-0 -0 3.43089e-05)
(-0 -0 3.43291e-05)
(-0 -0 3.43493e-05)
(-0 -0 3.43695e-05)
(-0 -0 3.43896e-05)
(-0 -0 3.44098e-05)
(-0 -0 3.443e-05)
(-0 -0 3.44502e-05)
(-0 -0 3.44703e-05)
(-0 -0 3.44905e-05)
(-0 -0 3.45106e-05)
(-0 -0 3.45307e-05)
(-0 -0 3.45509e-05)
(-0 -0 3.4571e-05)
(-0 -0 3.45911e-05)
(-0 -0 3.46112e-05)
(-0 -0 3.46313e-05)
(-0 -0 3.46514e-05)
(-0 -0 3.46715e-05)
(-0 -0 3.46915e-05)
(-0 -0 3.47116e-05)
(-0 -0 3.47317e-05)
(-0 -0 3.47517e-05)
(-0 -0 3.47718e-05)
(-0 -0 3.47918e-05)
(-0 -0 3.48119e-05)
(-0 -0 3.48319e-05)
(-0 -0 3.48519e-05)
(-0 -0 3.48719e-05)
(-0 -0 3.48919e-05)
(-0 -0 3.49119e-05)
(-0 -0 3.49319e-05)
(-0 -0 3.49519e-05)
(-0 -0 3.49719e-05)
(-0 -0 3.49918e-05)
(-0 -0 3.50118e-05)
(-0 -0 3.50317e-05)
(-0 -0 3.50517e-05)
(-0 -0 3.50716e-05)
(-0 -0 3.50916e-05)
(-0 -0 3.51115e-05)
(-0 -0 3.51314e-05)
(-0 -0 3.51513e-05)
(-0 -0 3.51712e-05)
(-0 -0 3.51911e-05)
(-0 -0 3.5211e-05)
(-0 -0 3.52309e-05)
(-0 -0 3.52507e-05)
(-0 -0 3.52706e-05)
(-0 -0 3.52905e-05)
(-0 -0 3.53103e-05)
(-0 -0 3.53302e-05)
(-0 -0 3.535e-05)
(-0 -0 3.53698e-05)
(-0 -0 3.53896e-05)
(-0 -0 3.54095e-05)
(-0 -0 3.54293e-05)
(-0 -0 3.54491e-05)
(-0 -0 3.54688e-05)
(-0 -0 3.54886e-05)
(-0 -0 3.55084e-05)
(-0 -0 3.55282e-05)
(-0 -0 3.55479e-05)
(-0 -0 3.55677e-05)
(-0 -0 3.55874e-05)
(-0 -0 3.56072e-05)
(-0 -0 3.56269e-05)
(-0 -0 3.56466e-05)
(-0 -0 3.56663e-05)
(-0 -0 3.5686e-05)
(-0 -0 3.57057e-05)
(-0 -0 3.57254e-05)
(-0 -0 3.57451e-05)
(-0 -0 3.57648e-05)
(-0 -0 3.57845e-05)
(-0 -0 3.58041e-05)
(-0 -0 3.58238e-05)
(-0 -0 3.58434e-05)
(-0 -0 3.58631e-05)
(-0 -0 3.58827e-05)
(-0 -0 3.59023e-05)
(-0 -0 3.59219e-05)
(-0 -0 3.59416e-05)
(-0 -0 3.59612e-05)
(-0 -0 3.59807e-05)
(-0 -0 3.60003e-05)
(-0 -0 3.60199e-05)
(-0 -0 3.60395e-05)
(-0 -0 3.6059e-05)
(-0 -0 3.60786e-05)
(-0 -0 3.60981e-05)
(-0 -0 3.61177e-05)
(-0 -0 3.61372e-05)
(-0 -0 3.61567e-05)
(-0 -0 3.61763e-05)
(-0 -0 3.61958e-05)
(-0 -0 3.62153e-05)
(-0 -0 3.62348e-05)
(-0 -0 3.62542e-05)
(-0 -0 3.62737e-05)
(-0 -0 3.62932e-05)
(-0 -0 3.63127e-05)
(-0 -0 3.63321e-05)
(-0 -0 3.63516e-05)
(-0 -0 3.6371e-05)
(-0 -0 3.63904e-05)
(-0 -0 3.64098e-05)
(-0 -0 3.64293e-05)
(-0 -0 3.64487e-05)
(-0 -0 3.64681e-05)
(-0 -0 3.64875e-05)
(-0 -0 3.65068e-05)
(-0 -0 3.65262e-05)
(-0 -0 3.65456e-05)
(-0 -0 3.65649e-05)
(-0 -0 3.65843e-05)
(-0 -0 3.66036e-05)
(-0 -0 3.6623e-05)
(-0 -0 3.66423e-05)
(-0 -0 3.66616e-05)
(-0 -0 3.66809e-05)
(-0 -0 3.67002e-05)
(-0 -0 3.67195e-05)
(-0 -0 3.67388e-05)
(-0 -0 3.67581e-05)
(-0 -0 3.67774e-05)
(-0 -0 3.67966e-05)
(-0 -0 3.68159e-05)
(-0 -0 3.68352e-05)
(-0 -0 3.68544e-05)
(-0 -0 3.68736e-05)
(-0 -0 3.68929e-05)
(-0 -0 3.69121e-05)
(-0 -0 3.69313e-05)
(-0 -0 3.69505e-05)
(-0 -0 3.69697e-05)
(-0 -0 3.69889e-05)
(-0 -0 3.7008e-05)
(-0 -0 3.70272e-05)
(-0 -0 3.70464e-05)
(-0 -0 3.70655e-05)
(-0 -0 3.70847e-05)
(-0 -0 3.71038e-05)
(-0 -0 3.71229e-05)
(-0 -0 3.71421e-05)
(-0 -0 3.71612e-05)
(-0 -0 3.71803e-05)
(-0 -0 3.71994e-05)
(-0 -0 3.72185e-05)
(-0 -0 3.72375e-05)
(-0 -0 3.72566e-05)
(-0 -0 3.72757e-05)
(-0 -0 3.72947e-05)
(-0 -0 3.73138e-05)
(-0 -0 3.73328e-05)
(-0 -0 3.73518e-05)
(-0 -0 3.73709e-05)
(-0 -0 3.73899e-05)
(-0 -0 3.74089e-05)
(-0 -0 3.74279e-05)
(-0 -0 3.74469e-05)
(-0 -0 3.74659e-05)
(-0 -0 3.74848e-05)
(-0 -0 3.75038e-05)
(-0 -0 3.75228e-05)
(-0 -0 3.75417e-05)
(-0 -0 3.75607e-05)
(-0 -0 3.75796e-05)
(-0 -0 3.75985e-05)
(-0 -0 3.76174e-05)
(-0 -0 3.76363e-05)
(-0 -0 3.76552e-05)
(-0 -0 3.76741e-05)
(-0 -0 3.7693e-05)
(-0 -0 3.77119e-05)
(-0 -0 3.77308e-05)
(-0 -0 3.77496e-05)
(-0 -0 3.77685e-05)
(-0 -0 3.77873e-05)
(-0 -0 3.78062e-05)
(-0 -0 3.7825e-05)
(-0 -0 3.78438e-05)
(-0 -0 3.78626e-05)
(-0 -0 3.78814e-05)
(-0 -0 3.79002e-05)
(-0 -0 3.7919e-05)
(-0 -0 3.79378e-05)
(-0 -0 3.79565e-05)
(-0 -0 3.79753e-05)
(-0 -0 3.79941e-05)
(-0 -0 3.80128e-05)
(-0 -0 3.80315e-05)
(-0 -0 3.80503e-05)
(-0 -0 3.8069e-05)
(-0 -0 3.80877e-05)
(-0 -0 3.81064e-05)
(-0 -0 3.81251e-05)
(-0 -0 3.81438e-05)
(-0 -0 3.81625e-05)
(-0 -0 3.81811e-05)
(-0 -0 3.81998e-05)
(-0 -0 3.82184e-05)
(-0 -0 3.82371e-05)
(-0 -0 3.82557e-05)
(-0 -0 3.82743e-05)
(-0 -0 3.8293e-05)
(-0 -0 3.83116e-05)
(-0 -0 3.83302e-05)
(-0 -0 3.83488e-05)
(-0 -0 3.83674e-05)
(-0 -0 3.83859e-05)
(-0 -0 3.84045e-05)
(-0 -0 3.84231e-05)
(-0 -0 3.84416e-05)
(-0 -0 3.84602e-05)
(-0 -0 3.84787e-05)
(-0 -0 3.84972e-05)
(-0 -0 3.85157e-05)
(-0 -0 3.85343e-05)
(-0 -0 3.85528e-05)
(-0 -0 3.85712e-05)
(-0 -0 3.85897e-05)
(-0 -0 3.86082e-05)
(-0 -0 3.86267e-05)
(-0 -0 3.86451e-05)
(-0 -0 3.86636e-05)
(-0 -0 3.8682e-05)
(-0 -0 3.87005e-05)
(-0 -0 3.87189e-05)
(-0 -0 3.87373e-05)
(-0 -0 3.87557e-05)
(-0 -0 3.87741e-05)
(-0 -0 3.87925e-05)
(-0 -0 3.88109e-05)
(-0 -0 3.88293e-05)
(-0 -0 3.88476e-05)
(-0 -0 3.8866e-05)
(-0 -0 3.88843e-05)
(-0 -0 3.89027e-05)
(-0 -0 3.8921e-05)
(-0 -0 3.89393e-05)
(-0 -0 3.89576e-05)
(-0 -0 3.89759e-05)
(-0 -0 3.89942e-05)
(-0 -0 3.90125e-05)
(-0 -0 3.90308e-05)
(-0 -0 3.90491e-05)
(-0 -0 3.90673e-05)
(-0 -0 3.90856e-05)
(-0 -0 3.91038e-05)
(-0 -0 3.91221e-05)
(-0 -0 3.91403e-05)
(-0 -0 3.91585e-05)
(-0 -0 3.91767e-05)
(-0 -0 3.91949e-05)
(-0 -0 3.92131e-05)
(-0 -0 3.92313e-05)
(-0 -0 3.92495e-05)
(-0 -0 3.92677e-05)
(-0 -0 3.92858e-05)
(-0 -0 3.9304e-05)
(-0 -0 3.93221e-05)
(-0 -0 3.93403e-05)
(-0 -0 3.93584e-05)
(-0 -0 3.93765e-05)
(-0 -0 3.93946e-05)
(-0 -0 3.94127e-05)
(-0 -0 3.94308e-05)
(-0 -0 3.94489e-05)
(-0 -0 3.9467e-05)
(-0 -0 3.9485e-05)
(-0 -0 3.95031e-05)
(-0 -0 3.95211e-05)
(-0 -0 3.95392e-05)
(-0 -0 3.95572e-05)
(-0 -0 3.95752e-05)
(-0 -0 3.95932e-05)
(-0 -0 3.96112e-05)
(-0 -0 3.96292e-05)
(-0 -0 3.96472e-05)
(-0 -0 3.96652e-05)
(-0 -0 3.96832e-05)
(-0 -0 3.97011e-05)
(-0 -0 3.97191e-05)
(-0 -0 3.9737e-05)
(-0 -0 3.9755e-05)
(-0 -0 3.97729e-05)
(-0 -0 3.97908e-05)
(-0 -0 3.98087e-05)
(-0 -0 3.98266e-05)
(-0 -0 3.98445e-05)
(-0 -0 3.98624e-05)
(-0 -0 3.98803e-05)
(-0 -0 3.98981e-05)
(-0 -0 3.9916e-05)
(-0 -0 3.99338e-05)
(-0 -0 3.99517e-05)
(-0 -0 3.99695e-05)
(-0 -0 3.99873e-05)
(-0 -0 4.00051e-05)
(-0 -0 4.00229e-05)
(-0 -0 4.00407e-05)
(-0 -0 4.00585e-05)
(-0 -0 4.00763e-05)
(-0 -0 4.00941e-05)
(-0 -0 4.01118e-05)
(-0 -0 4.01296e-05)
(-0 -0 4.01473e-05)
(-0 -0 4.01651e-05)
(-0 -0 4.01828e-05)
(-0 -0 4.02005e-05)
(-0 -0 4.02182e-05)
(-0 -0 4.02359e-05)
(-0 -0 4.02536e-05)
(-0 -0 4.02713e-05)
(-0 -0 4.0289e-05)
(-0 -0 4.03066e-05)
(-0 -0 4.03243e-05)
(-0 -0 4.03419e-05)
(-0 -0 4.03596e-05)
(-0 -0 4.03772e-05)
(-0 -0 4.03948e-05)
(-0 -0 4.04124e-05)
(-0 -0 4.043e-05)
(-0 -0 4.04476e-05)
(-0 -0 4.04652e-05)
(-0 -0 4.04828e-05)
(-0 -0 4.05003e-05)
(-0 -0 4.05179e-05)
(-0 -0 4.05354e-05)
(-0 -0 4.0553e-05)
(-0 -0 4.05705e-05)
(-0 -0 4.0588e-05)
(-0 -0 4.06055e-05)
(-0 -0 4.06231e-05)
(-0 -0 4.06406e-05)
(-0 -0 4.0658e-05)
(-0 -0 4.06755e-05)
(-0 -0 4.0693e-05)
(-0 -0 4.07104e-05)
(-0 -0 4.07279e-05)
(-0 -0 4.07453e-05)
(-0 -0 4.07628e-05)
(-0 -0 4.07802e-05)
(-0 -0 4.07976e-05)
(-0 -0 4.0815e-05)
(-0 -0 4.08324e-05)
(-0 -0 4.08498e-05)
(-0 -0 4.08672e-05)
(-0 -0 4.08846e-05)
(-0 -0 4.09019e-05)
(-0 -0 4.09193e-05)
(-0 -0 4.09366e-05)
(-0 -0 4.0954e-05)
(-0 -0 4.09713e-05)
(-0 -0 4.09886e-05)
(-0 -0 4.10059e-05)
(-0 -0 4.10232e-05)
(-0 -0 4.10405e-05)
(-0 -0 4.10578e-05)
(-0 -0 4.10751e-05)
(-0 -0 4.10923e-05)
(-0 -0 4.11096e-05)
(-0 -0 4.11268e-05)
(-0 -0 4.11441e-05)
(-0 -0 4.11613e-05)
(-0 -0 4.11785e-05)
(-0 -0 4.11957e-05)
(-0 -0 4.12129e-05)
(-0 -0 4.12301e-05)
(-0 -0 4.12473e-05)
(-0 -0 4.12645e-05)
(-0 -0 4.12817e-05)
(-0 -0 4.12988e-05)
(-0 -0 4.1316e-05)
(-0 -0 4.13331e-05)
(-0 -0 4.13502e-05)
(-0 -0 4.13674e-05)
(-0 -0 4.13845e-05)
(-0 -0 4.14016e-05)
(-0 -0 4.14187e-05)
(-0 -0 4.14358e-05)
(-0 -0 4.14528e-05)
(-0 -0 4.14699e-05)
(-0 -0 4.1487e-05)
(-0 -0 4.1504e-05)
(-0 -0 4.15211e-05)
(-0 -0 4.15381e-05)
(-0 -0 4.15551e-05)
(-0 -0 4.15721e-05)
(-0 -0 4.15891e-05)
(-0 -0 4.16061e-05)
(-0 -0 4.16231e-05)
(-0 -0 4.16401e-05)
(-0 -0 4.16571e-05)
(-0 -0 4.1674e-05)
(-0 -0 4.1691e-05)
(-0 -0 4.17079e-05)
(-0 -0 4.17249e-05)
(-0 -0 4.17418e-05)
(-0 -0 4.17587e-05)
(-0 -0 4.17756e-05)
(-0 -0 4.17925e-05)
(-0 -0 4.18094e-05)
(-0 -0 4.18263e-05)
(-0 -0 4.18431e-05)
(-0 -0 4.186e-05)
(-0 -0 4.18769e-05)
(-0 -0 4.18937e-05)
(-0 -0 4.19105e-05)
(-0 -0 4.19274e-05)
(-0 -0 4.19442e-05)
(-0 -0 4.1961e-05)
(-0 -0 4.19778e-05)
(-0 -0 4.19946e-05)
(-0 -0 4.20114e-05)
(-0 -0 4.20281e-05)
(-0 -0 4.20449e-05)
(-0 -0 4.20616e-05)
(-0 -0 4.20784e-05)
(-0 -0 4.20951e-05)
(-0 -0 4.21119e-05)
(-0 -0 4.21286e-05)
(-0 -0 4.21453e-05)
(-0 -0 4.2162e-05)
(-0 -0 4.21787e-05)
(-0 -0 4.21954e-05)
(-0 -0 4.2212e-05)
(-0 -0 4.22287e-05)
(-0 -0 4.22453e-05)
(-0 -0 4.2262e-05)
(-0 -0 4.22786e-05)
(-0 -0 4.22953e-05)
(-0 -0 4.23119e-05)
(-0 -0 4.23285e-05)
(-0 -0 4.23451e-05)
(-0 -0 4.23617e-05)
(-0 -0 4.23783e-05)
(-0 -0 4.23948e-05)
(-0 -0 4.24114e-05)
(-0 -0 4.2428e-05)
(-0 -0 4.24445e-05)
(-0 -0 4.2461e-05)
(-0 -0 4.24776e-05)
(-0 -0 4.24941e-05)
(-0 -0 4.25106e-05)
(-0 -0 4.25271e-05)
(-0 -0 4.25436e-05)
(-0 -0 4.25601e-05)
(-0 -0 4.25765e-05)
(-0 -0 4.2593e-05)
(-0 -0 4.26095e-05)
(-0 -0 4.26259e-05)
(-0 -0 4.26423e-05)
(-0 -0 4.26588e-05)
(-0 -0 4.26752e-05)
(-0 -0 4.26916e-05)
(-0 -0 4.2708e-05)
(-0 -0 4.27244e-05)
(-0 -0 4.27408e-05)
(-0 -0 4.27572e-05)
(-0 -0 4.27735e-05)
(-0 -0 4.27899e-05)
(-0 -0 4.28062e-05)
(-0 -0 4.28226e-05)
(-0 -0 4.28389e-05)
(-0 -0 4.28552e-05)
(-0 -0 4.28715e-05)
(-0 -0 4.28878e-05)
(-0 -0 4.29041e-05)
(-0 -0 4.29204e-05)
(-0 -0 4.29367e-05)
(-0 -0 4.29529e-05)
(-0 -0 4.29692e-05)
(-0 -0 4.29854e-05)
(-0 -0 4.30017e-05)
(-0 -0 4.30179e-05)
(-0 -0 4.30341e-05)
(-0 -0 4.30503e-05)
(-0 -0 4.30665e-05)
(-0 -0 4.30827e-05)
(-0 -0 4.30989e-05)
(-0 -0 4.31151e-05)
(-0 -0 4.31313e-05)
(-0 -0 4.31474e-05)
(-0 -0 4.31636e-05)
(-0 -0 4.31797e-05)
(-0 -0 4.31958e-05)
(-0 -0 4.3212e-05)
(-0 -0 4.32281e-05)
(-0 -0 4.32442e-05)
(-0 -0 4.32603e-05)
(-0 -0 4.32763e-05)
(-0 -0 4.32924e-05)
(-0 -0 4.33085e-05)
(-0 -0 4.33245e-05)
(-0 -0 4.33406e-05)
(-0 -0 4.33566e-05)
(-0 -0 4.33727e-05)
(-0 -0 4.33887e-05)
(-0 -0 4.34047e-05)
(-0 -0 4.34207e-05)
(-0 -0 4.34367e-05)
(-0 -0 4.34527e-05)
(-0 -0 4.34686e-05)
(-0 -0 4.34846e-05)
(-0 -0 4.35006e-05)
(-0 -0 4.35165e-05)
(-0 -0 4.35325e-05)
(-0 -0 4.35484e-05)
(-0 -0 4.35643e-05)
(-0 -0 4.35802e-05)
(-0 -0 4.35961e-05)
(-0 -0 4.3612e-05)
(-0 -0 4.36279e-05)
(-0 -0 4.36438e-05)
(-0 -0 4.36596e-05)
(-0 -0 4.36755e-05)
(-0 -0 4.36913e-05)
(-0 -0 4.37072e-05)
(-0 -0 4.3723e-05)
(-0 -0 4.37388e-05)
(-0 -0 4.37546e-05)
(-0 -0 4.37704e-05)
(-0 -0 4.37862e-05)
(-0 -0 4.3802e-05)
(-0 -0 4.38178e-05)
(-0 -0 4.38336e-05)
(-0 -0 4.38493e-05)
(-0 -0 4.38651e-05)
(-0 -0 4.38808e-05)
(-0 -0 4.38965e-05)
(-0 -0 4.39123e-05)
(-0 -0 4.3928e-05)
(-0 -0 4.39437e-05)
(-0 -0 4.39594e-05)
(-0 -0 4.3975e-05)
(-0 -0 4.39907e-05)
(-0 -0 4.40064e-05)
(-0 -0 4.4022e-05)
(-0 -0 4.40377e-05)
(-0 -0 4.40533e-05)
(-0 -0 4.4069e-05)
(-0 -0 4.40846e-05)
(-0 -0 4.41002e-05)
(-0 -0 4.41158e-05)
(-0 -0 4.41314e-05)
(-0 -0 4.4147e-05)
(-0 -0 4.41625e-05)
(-0 -0 4.41781e-05)
(-0 -0 4.41937e-05)
(-0 -0 4.42092e-05)
(-0 -0 4.42248e-05)
(-0 -0 4.42403e-05)
(-0 -0 4.42558e-05)
(-0 -0 4.42713e-05)
(-0 -0 4.42868e-05)
(-0 -0 4.43023e-05)
(-0 -0 4.43178e-05)
(-0 -0 4.43333e-05)
(-0 -0 4.43487e-05)
(-0 -0 4.43642e-05)
(-0 -0 4.43796e-05)
(-0 -0 4.43951e-05)
(-0 -0 4.44105e-05)
(-0 -0 4.44259e-05)
(-0 -0 4.44413e-05)
(-0 -0 4.44567e-05)
(-0 -0 4.44721e-05)
(-0 -0 4.44875e-05)
(-0 -0 4.45029e-05)
(-0 -0 4.45183e-05)
(-0 -0 4.45336e-05)
(-0 -0 4.4549e-05)
(-0 -0 4.45643e-05)
(-0 -0 4.45796e-05)
(-0 -0 4.45949e-05)
(-0 -0 4.46103e-05)
(-0 -0 4.46256e-05)
(-0 -0 4.46409e-05)
(-0 -0 4.46561e-05)
(-0 -0 4.46714e-05)
(-0 -0 4.46867e-05)
(-0 -0 4.47019e-05)
(-0 -0 4.47172e-05)
(-0 -0 4.47324e-05)
(-0 -0 4.47477e-05)
(-0 -0 4.47629e-05)
(-0 -0 4.47781e-05)
(-0 -0 4.47933e-05)
(-0 -0 4.48085e-05)
(-0 -0 4.48237e-05)
(-0 -0 4.48388e-05)
(-0 -0 4.4854e-05)
(-0 -0 4.48692e-05)
(-0 -0 4.48843e-05)
(-0 -0 4.48995e-05)
(-0 -0 4.49146e-05)
(-0 -0 4.49297e-05)
(-0 -0 4.49448e-05)
(-0 -0 4.49599e-05)
(-0 -0 4.4975e-05)
(-0 -0 4.49901e-05)
(-0 -0 4.50052e-05)
(-0 -0 4.50202e-05)
(-0 -0 4.50353e-05)
(-0 -0 4.50503e-05)
(-0 -0 4.50654e-05)
(-0 -0 4.50804e-05)
(-0 -0 4.50954e-05)
(-0 -0 4.51104e-05)
(-0 -0 4.51254e-05)
(-0 -0 4.51404e-05)
(-0 -0 4.51554e-05)
(-0 -0 4.51704e-05)
(-0 -0 4.51854e-05)
(-0 -0 4.52003e-05)
(-0 -0 4.52153e-05)
(-0 -0 4.52302e-05)
(-0 -0 4.52451e-05)
(-0 -0 4.52601e-05)
(-0 -0 4.5275e-05)
(-0 -0 4.52899e-05)
(-0 -0 4.53048e-05)
(-0 -0 4.53197e-05)
(-0 -0 4.53345e-05)
(-0 -0 4.53494e-05)
(-0 -0 4.53643e-05)
(-0 -0 4.53791e-05)
(-0 -0 4.53939e-05)
(-0 -0 4.54088e-05)
(-0 -0 4.54236e-05)
(-0 -0 4.54384e-05)
(-0 -0 4.54532e-05)
(-0 -0 4.5468e-05)
(-0 -0 4.54828e-05)
(-0 -0 4.54976e-05)
(-0 -0 4.55123e-05)
(-0 -0 4.55271e-05)
(-0 -0 4.55419e-05)
(-0 -0 4.55566e-05)
(-0 -0 4.55713e-05)
(-0 -0 4.5586e-05)
(-0 -0 4.56008e-05)
(-0 -0 4.56155e-05)
(-0 -0 4.56302e-05)
(-0 -0 4.56448e-05)
(-0 -0 4.56595e-05)
(-0 -0 4.56742e-05)
(-0 -0 4.56888e-05)
(-0 -0 4.57035e-05)
(-0 -0 4.57181e-05)
(-0 -0 4.57328e-05)
(-0 -0 4.57474e-05)
(-0 -0 4.5762e-05)
(-0 -0 4.57766e-05)
(-0 -0 4.57912e-05)
(-0 -0 4.58058e-05)
(-0 -0 4.58204e-05)
(-0 -0 4.58349e-05)
(-0 -0 4.58495e-05)
(-0 -0 4.58641e-05)
(-0 -0 4.58786e-05)
(-0 -0 4.58931e-05)
(-0 -0 4.59077e-05)
(-0 -0 4.59222e-05)
(-0 -0 4.59367e-05)
(-0 -0 4.59512e-05)
(-0 -0 4.59657e-05)
(-0 -0 4.59801e-05)
(-0 -0 4.59946e-05)
(-0 -0 4.60091e-05)
(-0 -0 4.60235e-05)
(-0 -0 4.6038e-05)
(-0 -0 4.60524e-05)
(-0 -0 4.60668e-05)
(-0 -0 4.60812e-05)
(-0 -0 4.60956e-05)
(-0 -0 4.611e-05)
(-0 -0 4.61244e-05)
(-0 -0 4.61388e-05)
(-0 -0 4.61532e-05)
(-0 -0 4.61675e-05)
(-0 -0 4.61819e-05)
(-0 -0 4.61962e-05)
(-0 -0 4.62106e-05)
(-0 -0 4.62249e-05)
(-0 -0 4.62392e-05)
(-0 -0 4.62535e-05)
(-0 -0 4.62678e-05)
(-0 -0 4.62821e-05)
(-0 -0 4.62964e-05)
(-0 -0 4.63107e-05)
(-0 -0 4.63249e-05)
(-0 -0 4.63392e-05)
(-0 -0 4.63534e-05)
(-0 -0 4.63677e-05)
(-0 -0 4.63819e-05)
(-0 -0 4.63961e-05)
(-0 -0 4.64103e-05)
(-0 -0 4.64245e-05)
(-0 -0 4.64387e-05)
(-0 -0 4.64529e-05)
(-0 -0 4.64671e-05)
(-0 -0 4.64812e-05)
(-0 -0 4.64954e-05)
(-0 -0 4.65095e-05)
(-0 -0 4.65237e-05)
(-0 -0 4.65378e-05)
(-0 -0 4.65519e-05)
(-0 -0 4.6566e-05)
(-0 -0 4.65801e-05)
(-0 -0 4.65942e-05)
(-0 -0 4.66083e-05)
(-0 -0 4.66224e-05)
(-0 -0 4.66365e-05)
(-0 -0 4.66505e-05)
(-0 -0 4.66646e-05)
(-0 -0 4.66786e-05)
(-0 -0 4.66926e-05)
(-0 -0 4.67067e-05)
(-0 -0 4.67207e-05)
(-0 -0 4.67347e-05)
(-0 -0 4.67487e-05)
(-0 -0 4.67627e-05)
(-0 -0 4.67766e-05)
(-0 -0 4.67906e-05)
(-0 -0 4.68046e-05)
(-0 -0 4.68185e-05)
(-0 -0 4.68325e-05)
(-0 -0 4.68464e-05)
(-0 -0 4.68603e-05)
(-0 -0 4.68742e-05)
(-0 -0 4.68881e-05)
(-0 -0 4.6902e-05)
(-0 -0 4.69159e-05)
(-0 -0 4.69298e-05)
(-0 -0 4.69437e-05)
(-0 -0 4.69575e-05)
(-0 -0 4.69714e-05)
(-0 -0 4.69852e-05)
(-0 -0 4.69991e-05)
(-0 -0 4.70129e-05)
(-0 -0 4.70267e-05)
(-0 -0 4.70405e-05)
(-0 -0 4.70543e-05)
(-0 -0 4.70681e-05)
(-0 -0 4.70819e-05)
(-0 -0 4.70957e-05)
(-0 -0 4.71094e-05)
(-0 -0 4.71232e-05)
(-0 -0 4.71369e-05)
(-0 -0 4.71507e-05)
(-0 -0 4.71644e-05)
(-0 -0 4.71781e-05)
(-0 -0 4.71918e-05)
(-0 -0 4.72055e-05)
(-0 -0 4.72192e-05)
(-0 -0 4.72329e-05)
(-0 -0 4.72466e-05)
(-0 -0 4.72603e-05)
(-0 -0 4.72739e-05)
(-0 -0 4.72876e-05)
(-0 -0 4.73012e-05)
(-0 -0 4.73148e-05)
(-0 -0 4.73285e-05)
(-0 -0 4.73421e-05)
(-0 -0 4.73557e-05)
(-0 -0 4.73693e-05)
(-0 -0 4.73829e-05)
(-0 -0 4.73964e-05)
(-0 -0 4.741e-05)
(-0 -0 4.74236e-05)
(-0 -0 4.74371e-05)
(-0 -0 4.74507e-05)
(-0 -0 4.74642e-05)
(-0 -0 4.74777e-05)
(-0 -0 4.74912e-05)
(-0 -0 4.75047e-05)
(-0 -0 4.75182e-05)
(-0 -0 4.75317e-05)
(-0 -0 4.75452e-05)
(-0 -0 4.75587e-05)
(-0 -0 4.75721e-05)
(-0 -0 4.75856e-05)
(-0 -0 4.7599e-05)
(-0 -0 4.76125e-05)
(-0 -0 4.76259e-05)
(-0 -0 4.76393e-05)
(-0 -0 4.76527e-05)
(-0 -0 4.76661e-05)
(-0 -0 4.76795e-05)
(-0 -0 4.76929e-05)
(-0 -0 4.77063e-05)
(-0 -0 4.77197e-05)
(-0 -0 4.7733e-05)
(-0 -0 4.77464e-05)
(-0 -0 4.77597e-05)
(-0 -0 4.7773e-05)
(-0 -0 4.77864e-05)
(-0 -0 4.77997e-05)
(-0 -0 4.7813e-05)
(-0 -0 4.78263e-05)
(-0 -0 4.78396e-05)
(-0 -0 4.78529e-05)
(-0 -0 4.78661e-05)
(-0 -0 4.78794e-05)
(-0 -0 4.78926e-05)
(-0 -0 4.79059e-05)
(-0 -0 4.79191e-05)
(-0 -0 4.79323e-05)
(-0 -0 4.79456e-05)
(-0 -0 4.79588e-05)
(-0 -0 4.7972e-05)
(-0 -0 4.79852e-05)
(-0 -0 4.79984e-05)
(-0 -0 4.80115e-05)
(-0 -0 4.80247e-05)
(-0 -0 4.80379e-05)
(-0 -0 4.8051e-05)
(-0 -0 4.80641e-05)
(-0 -0 4.80773e-05)
(-0 -0 4.80904e-05)
(-0 -0 4.81035e-05)
(-0 -0 4.81166e-05)
(-0 -0 4.81297e-05)
(-0 -0 4.81428e-05)
(-0 -0 4.81559e-05)
(-0 -0 4.81689e-05)
(-0 -0 4.8182e-05)
(-0 -0 4.81951e-05)
(-0 -0 4.82081e-05)
(-0 -0 4.82211e-05)
(-0 -0 4.82342e-05)
(-0 -0 4.82472e-05)
(-0 -0 4.82602e-05)
(-0 -0 4.82732e-05)
(-0 -0 4.82862e-05)
(-0 -0 4.82992e-05)
(-0 -0 4.83121e-05)
(-0 -0 4.83251e-05)
(-0 -0 4.83381e-05)
(-0 -0 4.8351e-05)
(-0 -0 4.8364e-05)
(-0 -0 4.83769e-05)
(-0 -0 4.83898e-05)
(-0 -0 4.84027e-05)
(-0 -0 4.84156e-05)
(-0 -0 4.84285e-05)
(-0 -0 4.84414e-05)
(-0 -0 4.84543e-05)
(-0 -0 4.84672e-05)
(-0 -0 4.848e-05)
(-0 -0 4.84929e-05)
(-0 -0 4.85057e-05)
(-0 -0 4.85186e-05)
(-0 -0 4.85314e-05)
(-0 -0 4.85442e-05)
(-0 -0 4.8557e-05)
(-0 -0 4.85698e-05)
(-0 -0 4.85826e-05)
(-0 -0 4.85954e-05)
(-0 -0 4.86082e-05)
(-0 -0 4.86209e-05)
(-0 -0 4.86337e-05)
(-0 -0 4.86464e-05)
(-0 -0 4.86592e-05)
(-0 -0 4.86719e-05)
(-0 -0 4.86846e-05)
(-0 -0 4.86974e-05)
(-0 -0 4.87101e-05)
(-0 -0 4.87228e-05)
(-0 -0 4.87355e-05)
(-0 -0 4.87481e-05)
(-0 -0 4.87608e-05)
(-0 -0 4.87735e-05)
(-0 -0 4.87861e-05)
(-0 -0 4.87988e-05)
(-0 -0 4.88114e-05)
(-0 -0 4.88241e-05)
(-0 -0 4.88367e-05)
(-0 -0 4.88493e-05)
(-0 -0 4.88619e-05)
(-0 -0 4.88745e-05)
(-0 -0 4.88871e-05)
(-0 -0 4.88997e-05)
(-0 -0 4.89122e-05)
(-0 -0 4.89248e-05)
(-0 -0 4.89373e-05)
(-0 -0 4.89499e-05)
(-0 -0 4.89624e-05)
(-0 -0 4.89749e-05)
(-0 -0 4.89875e-05)
(-0 -0 4.9e-05)
(-0 -0 4.90125e-05)
(-0 -0 4.9025e-05)
(-0 -0 4.90375e-05)
(-0 -0 4.90499e-05)
(-0 -0 4.90624e-05)
(-0 -0 4.90749e-05)
(-0 -0 4.90873e-05)
(-0 -0 4.90998e-05)
(-0 -0 4.91122e-05)
(-0 -0 4.91246e-05)
(-0 -0 4.9137e-05)
(-0 -0 4.91494e-05)
(-0 -0 4.91618e-05)
(-0 -0 4.91742e-05)
(-0 -0 4.91866e-05)
(-0 -0 4.9199e-05)
(-0 -0 4.92114e-05)
(-0 -0 4.92237e-05)
(-0 -0 4.92361e-05)
(-0 -0 4.92484e-05)
(-0 -0 4.92607e-05)
(-0 -0 4.92731e-05)
(-0 -0 4.92854e-05)
(-0 -0 4.92977e-05)
(-0 -0 4.931e-05)
(-0 -0 4.93223e-05)
(-0 -0 4.93345e-05)
(-0 -0 4.93468e-05)
(-0 -0 4.93591e-05)
(-0 -0 4.93713e-05)
(-0 -0 4.93836e-05)
(-0 -0 4.93958e-05)
(-0 -0 4.94081e-05)
(-0 -0 4.94203e-05)
(-0 -0 4.94325e-05)
(-0 -0 4.94447e-05)
(-0 -0 4.94569e-05)
(-0 -0 4.94691e-05)
(-0 -0 4.94813e-05)
(-0 -0 4.94934e-05)
(-0 -0 4.95056e-05)
(-0 -0 4.95178e-05)
(-0 -0 4.95299e-05)
(-0 -0 4.9542e-05)
(-0 -0 4.95542e-05)
(-0 -0 4.95663e-05)
(-0 -0 4.95784e-05)
(-0 -0 4.95905e-05)
(-0 -0 4.96026e-05)
(-0 -0 4.96147e-05)
(-0 -0 4.96268e-05)
(-0 -0 4.96389e-05)
(-0 -0 4.96509e-05)
(-0 -0 4.9663e-05)
(-0 -0 4.9675e-05)
(-0 -0 4.96871e-05)
(-0 -0 4.96991e-05)
(-0 -0 4.97111e-05)
(-0 -0 4.97231e-05)
(-0 -0 4.97351e-05)
(-0 -0 4.97471e-05)
(-0 -0 4.97591e-05)
(-0 -0 4.97711e-05)
(-0 -0 4.97831e-05)
(-0 -0 4.9795e-05)
(-0 -0 4.9807e-05)
(-0 -0 4.98189e-05)
(-0 -0 4.98309e-05)
(-0 -0 4.98428e-05)
(-0 -0 4.98547e-05)
(-0 -0 4.98666e-05)
(-0 -0 4.98785e-05)
(-0 -0 4.98904e-05)
(-0 -0 4.99023e-05)
(-0 -0 4.99142e-05)
(-0 -0 4.99261e-05)
(-0 -0 4.99379e-05)
(-0 -0 4.99498e-05)
(-0 -0 4.99616e-05)
(-0 -0 4.99735e-05)
(-0 -0 4.99853e-05)
(-0 -0 4.99971e-05)
(-0 -0 5.00089e-05)
(-0 -0 5.00207e-05)
(-0 -0 5.00325e-05)
(-0 -0 5.00443e-05)
(-0 -0 5.00561e-05)
(-0 -0 5.00679e-05)
(-0 -0 5.00796e-05)
(-0 -0 5.00914e-05)
(-0 -0 5.01031e-05)
(-0 -0 5.01149e-05)
(-0 -0 5.01266e-05)
(-0 -0 5.01383e-05)
(-0 -0 5.015e-05)
(-0 -0 5.01618e-05)
(-0 -0 5.01734e-05)
(-0 -0 5.01851e-05)
(-0 -0 5.01968e-05)
(-0 -0 5.02085e-05)
(-0 -0 5.02202e-05)
(-0 -0 5.02318e-05)
(-0 -0 5.02435e-05)
(-0 -0 5.02551e-05)
(-0 -0 5.02667e-05)
(-0 -0 5.02784e-05)
(-0 -0 5.029e-05)
(-0 -0 5.03016e-05)
(-0 -0 5.03132e-05)
(-0 -0 5.03248e-05)
(-0 -0 5.03364e-05)
(-0 -0 5.03479e-05)
(-0 -0 5.03595e-05)
(-0 -0 5.03711e-05)
(-0 -0 5.03826e-05)
(-0 -0 5.03942e-05)
(-0 -0 5.04057e-05)
(-0 -0 5.04172e-05)
(-0 -0 5.04287e-05)
(-0 -0 5.04402e-05)
(-0 -0 5.04517e-05)
(-0 -0 5.04632e-05)
(-0 -0 5.04747e-05)
(-0 -0 5.04862e-05)
(-0 -0 5.04977e-05)
(-0 -0 5.05091e-05)
(-0 -0 5.05206e-05)
(-0 -0 5.0532e-05)
(-0 -0 5.05435e-05)
(-0 -0 5.05549e-05)
(-0 -0 5.05663e-05)
(-0 -0 5.05777e-05)
(-0 -0 5.05891e-05)
(-0 -0 5.06005e-05)
(-0 -0 5.06119e-05)
(-0 -0 5.06233e-05)
(-0 -0 5.06347e-05)
(-0 -0 5.0646e-05)
(-0 -0 5.06574e-05)
(-0 -0 5.06687e-05)
(-0 -0 5.06801e-05)
(-0 -0 5.06914e-05)
(-0 -0 5.07027e-05)
(-0 -0 5.0714e-05)
(-0 -0 5.07253e-05)
(-0 -0 5.07366e-05)
(-0 -0 5.07479e-05)
(-0 -0 5.07592e-05)
(-0 -0 5.07705e-05)
(-0 -0 5.07818e-05)
(-0 -0 5.0793e-05)
(-0 -0 5.08043e-05)
(-0 -0 5.08155e-05)
(-0 -0 5.08267e-05)
(-0 -0 5.0838e-05)
(-0 -0 5.08492e-05)
(-0 -0 5.08604e-05)
(-0 -0 5.08716e-05)
(-0 -0 5.08828e-05)
(-0 -0 5.0894e-05)
(-0 -0 5.09052e-05)
(-0 -0 5.09163e-05)
(-0 -0 5.09275e-05)
(-0 -0 5.09386e-05)
(-0 -0 5.09498e-05)
(-0 -0 5.09609e-05)
(-0 -0 5.09721e-05)
(-0 -0 5.09832e-05)
(-0 -0 5.09943e-05)
(-0 -0 5.10054e-05)
(-0 -0 5.10165e-05)
(-0 -0 5.10276e-05)
(-0 -0 5.10387e-05)
(-0 -0 5.10497e-05)
(-0 -0 5.10608e-05)
(-0 -0 5.10719e-05)
(-0 -0 5.10829e-05)
(-0 -0 5.1094e-05)
(-0 -0 5.1105e-05)
(-0 -0 5.1116e-05)
(-0 -0 5.1127e-05)
(-0 -0 5.1138e-05)
(-0 -0 5.11491e-05)
(-0 -0 5.116e-05)
(-0 -0 5.1171e-05)
(-0 -0 5.1182e-05)
(-0 -0 5.1193e-05)
(-0 -0 5.12039e-05)
(-0 -0 5.12149e-05)
(-0 -0 5.12258e-05)
(-0 -0 5.12368e-05)
(-0 -0 5.12477e-05)
(-0 -0 5.12586e-05)
(-0 -0 5.12696e-05)
(-0 -0 5.12805e-05)
(-0 -0 5.12914e-05)
(-0 -0 5.13023e-05)
(-0 -0 5.13131e-05)
(-0 -0 5.1324e-05)
(-0 -0 5.13349e-05)
(-0 -0 5.13457e-05)
(-0 -0 5.13566e-05)
(-0 -0 5.13674e-05)
(-0 -0 5.13783e-05)
(-0 -0 5.13891e-05)
(-0 -0 5.13999e-05)
(-0 -0 5.14107e-05)
(-0 -0 5.14216e-05)
(-0 -0 5.14323e-05)
(-0 -0 5.14431e-05)
(-0 -0 5.14539e-05)
(-0 -0 5.14647e-05)
(-0 -0 5.14755e-05)
(-0 -0 5.14862e-05)
(-0 -0 5.1497e-05)
(-0 -0 5.15077e-05)
(-0 -0 5.15184e-05)
(-0 -0 5.15292e-05)
(-0 -0 5.15399e-05)
(-0 -0 5.15506e-05)
(-0 -0 5.15613e-05)
(-0 -0 5.1572e-05)
(-0 -0 5.15827e-05)
(-0 -0 5.15934e-05)
(-0 -0 5.1604e-05)
(-0 -0 5.16147e-05)
(-0 -0 5.16254e-05)
(-0 -0 5.1636e-05)
(-0 -0 5.16467e-05)
(-0 -0 5.16573e-05)
(-0 -0 5.16679e-05)
(-0 -0 5.16785e-05)
(-0 -0 5.16891e-05)
(-0 -0 5.16997e-05)
(-0 -0 5.17103e-05)
(-0 -0 5.17209e-05)
(-0 -0 5.17315e-05)
(-0 -0 5.17421e-05)
(-0 -0 5.17526e-05)
(-0 -0 5.17632e-05)
(-0 -0 5.17738e-05)
(-0 -0 5.17843e-05)
(-0 -0 5.17948e-05)
(-0 -0 5.18053e-05)
(-0 -0 5.18159e-05)
(-0 -0 5.18264e-05)
(-0 -0 5.18369e-05)
(-0 -0 5.18474e-05)
(-0 -0 5.18579e-05)
(-0 -0 5.18683e-05)
(-0 -0 5.18788e-05)
(-0 -0 5.18893e-05)
(-0 -0 5.18997e-05)
(-0 -0 5.19102e-05)
(-0 -0 5.19206e-05)
(-0 -0 5.19311e-05)
(-0 -0 5.19415e-05)
(-0 -0 5.19519e-05)
(-0 -0 5.19623e-05)
(-0 -0 5.19727e-05)
(-0 -0 5.19831e-05)
(-0 -0 5.19935e-05)
(-0 -0 5.20039e-05)
(-0 -0 5.20142e-05)
(-0 -0 5.20246e-05)
(-0 -0 5.2035e-05)
(-0 -0 5.20453e-05)
(-0 -0 5.20556e-05)
(-0 -0 5.2066e-05)
(-0 -0 5.20763e-05)
(-0 -0 5.20866e-05)
(-0 -0 5.20969e-05)
(-0 -0 5.21072e-05)
(-0 -0 5.21175e-05)
(-0 -0 5.21278e-05)
(-0 -0 5.21381e-05)
(-0 -0 5.21484e-05)
(-0 -0 5.21586e-05)
(-0 -0 5.21689e-05)
(-0 -0 5.21791e-05)
(-0 -0 5.21894e-05)
(-0 -0 5.21996e-05)
(-0 -0 5.22099e-05)
(-0 -0 5.22201e-05)
(-0 -0 5.22303e-05)
(-0 -0 5.22405e-05)
(-0 -0 5.22507e-05)
(-0 -0 5.22609e-05)
(-0 -0 5.22711e-05)
(-0 -0 5.22812e-05)
(-0 -0 5.22914e-05)
(-0 -0 5.23016e-05)
(-0 -0 5.23117e-05)
(-0 -0 5.23218e-05)
(-0 -0 5.2332e-05)
(-0 -0 5.23421e-05)
(-0 -0 5.23522e-05)
(-0 -0 5.23624e-05)
(-0 -0 5.23725e-05)
(-0 -0 5.23826e-05)
(-0 -0 5.23926e-05)
(-0 -0 5.24027e-05)
(-0 -0 5.24128e-05)
(-0 -0 5.24229e-05)
(-0 -0 5.24329e-05)
(-0 -0 5.2443e-05)
(-0 -0 5.2453e-05)
(-0 -0 5.24631e-05)
(-0 -0 5.24731e-05)
(-0 -0 5.24831e-05)
(-0 -0 5.24931e-05)
(-0 -0 5.25032e-05)
(-0 -0 5.25132e-05)
(-0 -0 5.25232e-05)
(-0 -0 5.25331e-05)
(-0 -0 5.25431e-05)
(-0 -0 5.25531e-05)
(-0 -0 5.25631e-05)
(-0 -0 5.2573e-05)
(-0 -0 5.2583e-05)
(-0 -0 5.25929e-05)
(-0 -0 5.26028e-05)
(-0 -0 5.26128e-05)
(-0 -0 5.26227e-05)
(-0 -0 5.26326e-05)
(-0 -0 5.26425e-05)
(-0 -0 5.26524e-05)
(-0 -0 5.26623e-05)
(-0 -0 5.26722e-05)
(-0 -0 5.2682e-05)
(-0 -0 5.26919e-05)
(-0 -0 5.27018e-05)
(-0 -0 5.27116e-05)
(-0 -0 5.27215e-05)
(-0 -0 5.27313e-05)
(-0 -0 5.27411e-05)
(-0 -0 5.2751e-05)
(-0 -0 5.27608e-05)
(-0 -0 5.27706e-05)
(-0 -0 5.27804e-05)
(-0 -0 5.27902e-05)
(-0 -0 5.28e-05)
(-0 -0 5.28098e-05)
(-0 -0 5.28195e-05)
(-0 -0 5.28293e-05)
(-0 -0 5.2839e-05)
(-0 -0 5.28488e-05)
(-0 -0 5.28585e-05)
(-0 -0 5.28683e-05)
(-0 -0 5.2878e-05)
(-0 -0 5.28877e-05)
(-0 -0 5.28974e-05)
(-0 -0 5.29071e-05)
(-0 -0 5.29168e-05)
(-0 -0 5.29265e-05)
(-0 -0 5.29362e-05)
(-0 -0 5.29459e-05)
(-0 -0 5.29556e-05)
(-0 -0 5.29652e-05)
(-0 -0 5.29749e-05)
(-0 -0 5.29845e-05)
(-0 -0 5.29942e-05)
(-0 -0 5.30038e-05)
(-0 -0 5.30134e-05)
(-0 -0 5.3023e-05)
(-0 -0 5.30327e-05)
(-0 -0 5.30423e-05)
(-0 -0 5.30519e-05)
(-0 -0 5.30614e-05)
(-0 -0 5.3071e-05)
(-0 -0 5.30806e-05)
(-0 -0 5.30902e-05)
(-0 -0 5.30997e-05)
(-0 -0 5.31093e-05)
(-0 -0 5.31188e-05)
(-0 -0 5.31284e-05)
(-0 -0 5.31379e-05)
(-0 -0 5.31474e-05)
(-0 -0 5.31569e-05)
(-0 -0 5.31665e-05)
(-0 -0 5.3176e-05)
(-0 -0 5.31855e-05)
(-0 -0 5.31949e-05)
(-0 -0 5.32044e-05)
(-0 -0 5.32139e-05)
(-0 -0 5.32234e-05)
(-0 -0 5.32328e-05)
(-0 -0 5.32423e-05)
(-0 -0 5.32517e-05)
(-0 -0 5.32612e-05)
(-0 -0 5.32706e-05)
(-0 -0 5.328e-05)
(-0 -0 5.32894e-05)
(-0 -0 5.32988e-05)
(-0 -0 5.33082e-05)
(-0 -0 5.33176e-05)
(-0 -0 5.3327e-05)
(-0 -0 5.33364e-05)
(-0 -0 5.33458e-05)
(-0 -0 5.33552e-05)
(-0 -0 5.33645e-05)
(-0 -0 5.33739e-05)
(-0 -0 5.33832e-05)
(-0 -0 5.33926e-05)
(-0 -0 5.34019e-05)
(-0 -0 5.34112e-05)
(-0 -0 5.34205e-05)
(-0 -0 5.34298e-05)
(-0 -0 5.34391e-05)
(-0 -0 5.34484e-05)
(-0 -0 5.34577e-05)
(-0 -0 5.3467e-05)
(-0 -0 5.34763e-05)
(-0 -0 5.34855e-05)
(-0 -0 5.34948e-05)
(-0 -0 5.35041e-05)
(-0 -0 5.35133e-05)
(-0 -0 5.35225e-05)
(-0 -0 5.35318e-05)
(-0 -0 5.3541e-05)
(-0 -0 5.35502e-05)
(-0 -0 5.35594e-05)
(-0 -0 5.35686e-05)
(-0 -0 5.35778e-05)
(-0 -0 5.3587e-05)
(-0 -0 5.35962e-05)
(-0 -0 5.36054e-05)
(-0 -0 5.36145e-05)
(-0 -0 5.36237e-05)
(-0 -0 5.36329e-05)
(-0 -0 5.3642e-05)
(-0 -0 5.36512e-05)
(-0 -0 5.36603e-05)
(-0 -0 5.36694e-05)
(-0 -0 5.36785e-05)
(-0 -0 5.36876e-05)
(-0 -0 5.36968e-05)
(-0 -0 5.37059e-05)
(-0 -0 5.37149e-05)
(-0 -0 5.3724e-05)
(-0 -0 5.37331e-05)
(-0 -0 5.37422e-05)
(-0 -0 5.37512e-05)
(-0 -0 5.37603e-05)
(-0 -0 5.37693e-05)
(-0 -0 5.37784e-05)
(-0 -0 5.37874e-05)
(-0 -0 5.37965e-05)
(-0 -0 5.38055e-05)
(-0 -0 5.38145e-05)
(-0 -0 5.38235e-05)
(-0 -0 5.38325e-05)
(-0 -0 5.38415e-05)
(-0 -0 5.38505e-05)
(-0 -0 5.38595e-05)
(-0 -0 5.38684e-05)
(-0 -0 5.38774e-05)
(-0 -0 5.38864e-05)
(-0 -0 5.38953e-05)
(-0 -0 5.39043e-05)
(-0 -0 5.39132e-05)
(-0 -0 5.39221e-05)
(-0 -0 5.39311e-05)
(-0 -0 5.394e-05)
(-0 -0 5.39489e-05)
(-0 -0 5.39578e-05)
(-0 -0 5.39667e-05)
(-0 -0 5.39756e-05)
(-0 -0 5.39845e-05)
(-0 -0 5.39934e-05)
(-0 -0 5.40022e-05)
(-0 -0 5.40111e-05)
(-0 -0 5.40199e-05)
(-0 -0 5.40288e-05)
(-0 -0 5.40376e-05)
(-0 -0 5.40465e-05)
(-0 -0 5.40553e-05)
(-0 -0 5.40641e-05)
(-0 -0 5.40729e-05)
(-0 -0 5.40818e-05)
(-0 -0 5.40906e-05)
(-0 -0 5.40994e-05)
(-0 -0 5.41081e-05)
(-0 -0 5.41169e-05)
(-0 -0 5.41257e-05)
(-0 -0 5.41345e-05)
(-0 -0 5.41432e-05)
(-0 -0 5.4152e-05)
(-0 -0 5.41607e-05)
(-0 -0 5.41695e-05)
(-0 -0 5.41782e-05)
(-0 -0 5.41869e-05)
(-0 -0 5.41957e-05)
(-0 -0 5.42044e-05)
(-0 -0 5.42131e-05)
(-0 -0 5.42218e-05)
(-0 -0 5.42305e-05)
(-0 -0 5.42392e-05)
(-0 -0 5.42478e-05)
(-0 -0 5.42565e-05)
(-0 -0 5.42652e-05)
(-0 -0 5.42738e-05)
(-0 -0 5.42825e-05)
(-0 -0 5.42911e-05)
(-0 -0 5.42998e-05)
(-0 -0 5.43084e-05)
(-0 -0 5.4317e-05)
(-0 -0 5.43257e-05)
(-0 -0 5.43343e-05)
(-0 -0 5.43429e-05)
(-0 -0 5.43515e-05)
(-0 -0 5.43601e-05)
(-0 -0 5.43687e-05)
(-0 -0 5.43772e-05)
(-0 -0 5.43858e-05)
(-0 -0 5.43944e-05)
(-0 -0 5.44029e-05)
(-0 -0 5.44115e-05)
(-0 -0 5.442e-05)
(-0 -0 5.44286e-05)
(-0 -0 5.44371e-05)
(-0 -0 5.44456e-05)
(-0 -0 5.44542e-05)
(-0 -0 5.44627e-05)
(-0 -0 5.44712e-05)
(-0 -0 5.44797e-05)
(-0 -0 5.44882e-05)
(-0 -0 5.44967e-05)
(-0 -0 5.45051e-05)
(-0 -0 5.45136e-05)
(-0 -0 5.45221e-05)
(-0 -0 5.45305e-05)
(-0 -0 5.4539e-05)
(-0 -0 5.45474e-05)
(-0 -0 5.45559e-05)
(-0 -0 5.45643e-05)
(-0 -0 5.45727e-05)
(-0 -0 5.45812e-05)
(-0 -0 5.45896e-05)
(-0 -0 5.4598e-05)
(-0 -0 5.46064e-05)
(-0 -0 5.46148e-05)
(-0 -0 5.46232e-05)
(-0 -0 5.46315e-05)
(-0 -0 5.46399e-05)
(-0 -0 5.46483e-05)
(-0 -0 5.46566e-05)
(-0 -0 5.4665e-05)
(-0 -0 5.46733e-05)
(-0 -0 5.46817e-05)
(-0 -0 5.469e-05)
(-0 -0 5.46984e-05)
(-0 -0 5.47067e-05)
(-0 -0 5.4715e-05)
(-0 -0 5.47233e-05)
(-0 -0 5.47316e-05)
(-0 -0 5.47399e-05)
(-0 -0 5.47482e-05)
(-0 -0 5.47565e-05)
(-0 -0 5.47648e-05)
(-0 -0 5.4773e-05)
(-0 -0 5.47813e-05)
(-0 -0 5.47895e-05)
(-0 -0 5.47978e-05)
(-0 -0 5.4806e-05)
(-0 -0 5.48143e-05)
(-0 -0 5.48225e-05)
(-0 -0 5.48307e-05)
(-0 -0 5.48389e-05)
(-0 -0 5.48472e-05)
(-0 -0 5.48554e-05)
(-0 -0 5.48636e-05)
(-0 -0 5.48718e-05)
(-0 -0 5.48799e-05)
(-0 -0 5.48881e-05)
(-0 -0 5.48963e-05)
(-0 -0 5.49045e-05)
(-0 -0 5.49126e-05)
(-0 -0 5.49208e-05)
(-0 -0 5.49289e-05)
(-0 -0 5.49371e-05)
(-0 -0 5.49452e-05)
(-0 -0 5.49533e-05)
(-0 -0 5.49614e-05)
(-0 -0 5.49696e-05)
)
;

boundaryField
{
    bottom
    {
        type            calculated;
        value           uniform (-0 -0 2.74868e-06);
    }
    top
    {
        type            calculated;
        value           uniform (-0 -0 5.49736e-05);
    }
    sidesX
    {
        type            empty;
    }
    sidesY
    {
        type            empty;
    }
}


// ************************************************************************* //
