/*--------------------------------*- C++ -*----------------------------------*\
| =========                 |                                                 |
| \\      /  F ield         | OpenFOAM: The Open Source CFD Toolbox           |
|  \\    /   O peration     | Version:  v2012                                 |
|   \\  /    A nd           | Website:  www.openfoam.com                      |
|    \\/     M anipulation  |                                                 |
\*---------------------------------------------------------------------------*/
FoamFile
{
    version     2.0;
    format      ascii;
    class       volVectorField;
    location    "48.5";
    object      Nb;
}
// * * * * * * * * * * * * * * * * * * * * * * * * * * * * * * * * * * * * * //

dimensions      [1 -2 -1 0 0 0 0];


internalField   nonuniform List<vector> 
3200
(
(-0 -0 -8.55503e-19)
(-0 -0 3.44742e-19)
(-0 -0 1.8783e-18)
(-0 -0 -3.07685e-18)
(-0 -0 4.10684e-18)
(-0 -0 -4.45455e-18)
(-0 -0 1.54372e-18)
(-0 -0 8.59315e-19)
(-0 -0 -1.27055e-21)
(-0 -0 -2.5411e-21)
(-0 -0 -2.40939e-18)
(-0 -0 1.20702e-18)
(-0 -0 -8.63974e-19)
(-0 -0 2.41447e-18)
(-0 -0 -3.43472e-19)
(-0 -0 -1.73176e-18)
(-0 -0 2.77107e-18)
(-0 -0 -2.77319e-18)
(-0 -0 1.04227e-18)
(-0 -0 -1.38744e-18)
(-0 -0 1.21846e-18)
(-0 -0 -1.39083e-18)
(-0 -0 1.56659e-18)
(-0 -0 -1.73642e-19)
(-0 -0 -3.47284e-19)
(-0 -0 8.73291e-19)
(-0 -0 -2.44581e-18)
(-0 -0 2.45047e-18)
(-0 -0 -7.01767e-19)
(-0 -0 -2.2781e-18)
(-0 -0 2.45597e-18)
(-0 -0 8.80067e-19)
(-0 -0 -3.68968e-18)
(-0 -0 2.81342e-18)
(-0 -0 3.50672e-19)
(-0 -0 2.11377e-18)
(-0 -0 -5.26854e-19)
(-0 -0 -2.29631e-18)
(-0 -0 8.85996e-19)
(-0 -0 -1.76733e-18)
(-0 -0 -1.69407e-21)
(-0 -0 -7.07696e-19)
(-0 -0 3.57448e-19)
(-0 -0 1.60174e-18)
(-0 -0 -1.95453e-18)
(-0 -0 1.06769e-18)
(-0 -0 1.42471e-18)
(-0 -0 1.77453e-19)
(-0 -0 -7.16166e-19)
(-0 -0 -1.25107e-18)
(-0 -0 1.78893e-18)
(-0 -0 -1.24937e-18)
(-0 -0 -5.3956e-19)
(-0 -0 3.22423e-18)
(-0 -0 -1.07827e-18)
(-0 -0 -1.7974e-18)
(-0 -0 9.01243e-19)
(-0 -0 -1.44038e-18)
(-0 -0 -7.18707e-19)
(-0 -0 2.34543e-18)
(-0 -0 1.80418e-18)
(-0 -0 -3.25049e-18)
(-0 -0 1.62461e-18)
(-0 -0 -3.59142e-19)
(-0 -0 1.08759e-18)
(-0 -0 1.26758e-18)
(-0 -0 -1.81392e-18)
(-0 -0 -1.4552e-18)
(-0 -0 1.08928e-18)
(-0 -0 -1.63943e-18)
(-0 -0 -1.09225e-18)
(-0 -0 5.45066e-19)
(-0 -0 2.92057e-18)
(-0 -0 1.27733e-18)
(-0 -0 -3.10649e-18)
(-0 -0 9.16913e-19)
(-0 -0 5.50995e-19)
(-0 -0 5.50995e-19)
(-0 -0 -7.36072e-19)
(-0 -0 1.65002e-18)
(-0 -0 -1.83594e-18)
(-0 -0 1.47214e-18)
(-0 -0 -1.65976e-18)
(-0 -0 1.87194e-19)
(-0 -0 -5.51418e-19)
(-0 -0 3.6973e-19)
(-0 -0 1.29384e-18)
(-0 -0 -2.03415e-18)
(-0 -0 -2.5411e-21)
(-0 -0 1.85077e-18)
(-0 -0 -2.22473e-18)
(-0 -0 3.34282e-18)
(-0 -0 -2.60378e-18)
(-0 -0 2.22981e-18)
(-0 -0 -2.42082e-18)
(-0 -0 -1.49035e-18)
(-0 -0 2.61013e-18)
(-0 -0 -2.80326e-18)
(-0 -0 2.61521e-18)
(-0 -0 -1.86771e-19)
(-0 -0 1.49628e-18)
(-0 -0 -2.06422e-18)
(-0 -0 -2.62877e-18)
(-0 -0 3.0057e-18)
(-0 -0 1.50391e-18)
(-0 -0 -1.13164e-18)
(-0 -0 -1.13037e-18)
(-0 -0 9.43171e-19)
(-0 -0 -9.44442e-19)
(-0 -0 5.62853e-19)
(-0 -0 1.13206e-18)
(-0 -0 -3.59777e-18)
(-0 -0 3.03111e-18)
(-0 -0 5.70477e-19)
(-0 -0 3.82859e-19)
(-0 -0 -4.23516e-22)
(-0 -0 -1.93124e-19)
(-0 -0 -1.33154e-18)
(-0 -0 5.68359e-19)
(-0 -0 -2.28784e-18)
(-0 -0 -7.64024e-19)
(-0 -0 3.82012e-18)
(-0 -0 1.93124e-19)
(-0 -0 -4.02002e-18)
(-0 -0 2.68509e-18)
(-0 -0 2.6834e-18)
(-0 -0 -3.45759e-18)
(-0 -0 3.84553e-19)
(-0 -0 2.49959e-18)
(-0 -0 -4.81369e-18)
(-0 -0 1.92785e-18)
(-0 -0 1.92615e-18)
(-0 -0 -9.66465e-19)
(-0 -0 -1.93971e-19)
(-0 -0 -3.84553e-19)
(-0 -0 1.54753e-18)
(-0 -0 -2.32595e-18)
(-0 -0 7.74188e-19)
(-0 -0 -1.55431e-18)
(-0 -0 7.75035e-19)
(-0 -0 4.0827e-18)
(-0 -0 -4.66969e-18)
(-0 -0 2.14553e-18)
(-0 -0 1.69407e-21)
(-0 -0 1.17229e-18)
(-0 -0 -1.17145e-18)
(-0 -0 1.69407e-21)
(-0 -0 -2.154e-18)
(-0 -0 5.86994e-19)
(-0 -0 3.72694e-18)
(-0 -0 -2.75032e-18)
(-0 -0 1.97359e-19)
(-0 -0 -9.84252e-19)
(-0 -0 2.7537e-18)
(-0 -0 -2.36576e-18)
(-0 -0 9.85099e-19)
(-0 -0 -7.87741e-19)
(-0 -0 1.38405e-18)
(-0 -0 -5.9377e-19)
(-0 -0 -7.91976e-19)
(-0 -0 1.38829e-18)
(-0 -0 -2.77488e-18)
(-0 -0 -8.47033e-22)
(-0 -0 1.99053e-19)
(-0 -0 3.78031e-18)
(-0 -0 1.69407e-21)
(-0 -0 -1.79656e-18)
(-0 -0 -1.59581e-18)
(-0 -0 -1.59581e-18)
(-0 -0 5.1957e-18)
(-0 -0 -1.3993e-18)
(-0 -0 6.00546e-19)
(-0 -0 -2.20652e-18)
(-0 -0 1.40353e-18)
(-0 -0 -4.00647e-19)
(-0 -0 -3.01628e-18)
(-0 -0 1.40523e-18)
(-0 -0 1.69407e-21)
(-0 -0 1.41031e-18)
(-0 -0 -6.06476e-19)
(-0 -0 2.04135e-19)
(-0 -0 1.21126e-18)
(-0 -0 -3.64394e-18)
(-0 -0 1.82281e-18)
(-0 -0 1.62037e-18)
(-0 -0 -3.24414e-18)
(-0 -0 3.65495e-18)
(-0 -0 -2.43607e-18)
(-0 -0 1.62715e-18)
(-0 -0 -2.44369e-18)
(-0 -0 1.62969e-18)
(-0 -0 -2.44708e-18)
(-0 -0 3.2687e-18)
(-0 -0 4.05729e-19)
(-0 -0 -2.04474e-18)
(-0 -0 1.63816e-18)
(-0 -0 -2.05067e-18)
(-0 -0 -1.23159e-18)
(-0 -0 4.10472e-18)
(-0 -0 -4.1115e-18)
(-0 -0 1.64663e-18)
(-0 -0 2.05829e-18)
(-0 -0 -4.12505e-19)
(-0 -0 -1.65171e-18)
(-0 -0 -2.06591e-18)
(-0 -0 4.96192e-18)
(-0 -0 -2.5411e-21)
(-0 -0 -2.07184e-18)
(-0 -0 8.27551e-19)
(-0 -0 -2.07184e-18)
(-0 -0 4.18434e-19)
(-0 -0 8.32633e-19)
(-0 -0 -2.08285e-18)
(-0 -0 5.41423e-18)
(-0 -0 -4.58245e-18)
(-0 -0 2.08963e-18)
(-0 -0 -1.25276e-18)
(-0 -0 -4.15893e-19)
(-0 -0 2.09217e-18)
(-0 -0 8.37716e-19)
(-0 -0 -1.67797e-18)
(-0 -0 8.40257e-19)
(-0 -0 -1.68136e-18)
(-0 -0 2.94259e-18)
(-0 -0 -3.36526e-18)
(-0 -0 4.18434e-19)
(-0 -0 2.10827e-18)
(-0 -0 -8.40257e-19)
(-0 -0 -1.69407e-18)
(-0 -0 4.20975e-19)
(-0 -0 4.20128e-19)
(-0 -0 2.12012e-18)
(-0 -0 -8.4788e-19)
(-0 -0 -4.24364e-19)
(-0 -0 -1.27478e-18)
(-0 -0 -8.49574e-19)
(-0 -0 2.98071e-18)
(-0 -0 8.50421e-19)
(-0 -0 -8.52115e-19)
(-0 -0 -4.26735e-18)
(-0 -0 -4.29446e-19)
(-0 -0 3.84553e-18)
(-0 -0 -3.85231e-18)
(-0 -0 4.27752e-19)
(-0 -0 2.5699e-18)
(-0 -0 8.55503e-19)
(-0 -0 1.29003e-18)
(-0 -0 1.71863e-18)
(-0 -0 -2.5826e-18)
(-0 -0 2.1557e-18)
(-0 -0 -8.65668e-19)
(-0 -0 -2.15993e-18)
(-0 -0 -1.2985e-18)
(-0 -0 2.59616e-18)
(-0 -0 4.34528e-19)
(-0 -0 8.68209e-19)
(-0 -0 -1.73134e-18)
(-0 -0 -4.36222e-19)
(-0 -0 2.60547e-18)
(-0 -0 -1.30358e-18)
(-0 -0 -3.48469e-18)
(-0 -0 8.72444e-19)
(-0 -0 1.74404e-18)
(-0 -0 -8.7075e-19)
(-0 -0 -1.74489e-18)
(-0 -0 4.81199e-18)
(-0 -0 -2.62157e-18)
(-0 -0 -8.74985e-19)
(-0 -0 4.41304e-19)
(-0 -0 8.47033e-22)
(-0 -0 1.31798e-18)
(-0 -0 -2.19805e-18)
(-0 -0 3.51857e-18)
(-0 -0 -3.5262e-18)
(-0 -0 8.47033e-22)
(-0 -0 8.80067e-19)
(-0 -0 -1.69407e-21)
(-0 -0 -1.3273e-18)
(-0 -0 1.32561e-18)
(-0 -0 -1.77115e-18)
(-0 -0 1.33069e-18)
(-0 -0 -1.77199e-18)
(-0 -0 -4.44692e-19)
(-0 -0 -1.33408e-18)
(-0 -0 6.67801e-18)
(-0 -0 -2.67324e-18)
(-0 -0 -3.12386e-18)
(-0 -0 5.35664e-18)
(-0 -0 -5.36426e-18)
(-0 -0 2.68425e-18)
(-0 -0 2.23956e-18)
(-0 -0 -1.3417e-18)
(-0 -0 4.48927e-19)
(-0 -0 -1.34509e-18)
(-0 -0 -8.97008e-19)
(-0 -0 2.6978e-18)
(-0 -0 2.5411e-21)
(-0 -0 1.35271e-18)
(-0 -0 -4.06152e-18)
(-0 -0 4.50622e-19)
(-0 -0 3.16452e-18)
(-0 -0 -4.07253e-18)
(-0 -0 9.05478e-19)
(-0 -0 3.62445e-18)
(-0 -0 -4.081e-18)
(-0 -0 4.51469e-19)
(-0 -0 -9.1056e-19)
(-0 -0 1.36626e-18)
(-0 -0 -4.52316e-19)
(-0 -0 4.5401e-19)
(-0 -0 -3.64902e-18)
(-0 -0 5.47692e-18)
(-0 -0 -4.56805e-18)
(-0 -0 2.28699e-18)
(-0 -0 3.66426e-18)
(-0 -0 -4.12251e-18)
(-0 -0 4.13013e-18)
(-0 -0 -3.67528e-18)
(-0 -0 1.69407e-21)
(-0 -0 4.58245e-19)
(-0 -0 4.59939e-19)
(-0 -0 -9.19878e-19)
(-0 -0 4.63327e-19)
(-0 -0 8.47033e-22)
(-0 -0 9.25807e-19)
(-0 -0 -1.38744e-18)
(-0 -0 1.85161e-18)
(-0 -0 -9.28348e-19)
(-0 -0 -2.31748e-18)
(-0 -0 4.6248e-19)
(-0 -0 3.25007e-18)
(-0 -0 -1.39168e-18)
(-0 -0 9.31736e-19)
(-0 -0 -1.86517e-18)
(-0 -0 -1.86432e-18)
(-0 -0 5.60058e-18)
(-0 -0 -2.80283e-18)
(-0 -0 -4.66715e-19)
(-0 -0 -1.40607e-18)
(-0 -0 2.3412e-18)
(-0 -0 2.34543e-18)
(-0 -0 -1.40777e-18)
(-0 -0 1.88041e-18)
(-0 -0 -2.82485e-18)
(-0 -0 -4.71797e-19)
(-0 -0 -1.88719e-18)
(-0 -0 2.82994e-18)
(-0 -0 -4.68409e-19)
(-0 -0 -2.36237e-18)
(-0 -0 2.5411e-21)
(-0 -0 2.3683e-18)
(-0 -0 -3.79301e-18)
(-0 -0 1.89651e-18)
(-0 -0 3.32291e-18)
(-0 -0 -5.23043e-18)
(-0 -0 3.33307e-18)
(-0 -0 -2.38101e-18)
(-0 -0 1.90582e-18)
(-0 -0 4.74338e-19)
(-0 -0 -3.81842e-18)
(-0 -0 1.9126e-18)
(-0 -0 5.26177e-18)
(-0 -0 -3.83198e-18)
(-0 -0 -2.87822e-18)
(-0 -0 5.27956e-18)
(-0 -0 -4.32156e-18)
(-0 -0 1.43996e-18)
(-0 -0 4.32664e-18)
(-0 -0 -2.89092e-18)
(-0 -0 -2.89346e-18)
(-0 -0 3.37966e-18)
(-0 -0 2.41574e-18)
(-0 -0 -3.86755e-18)
(-0 -0 -9.65618e-19)
(-0 -0 9.66465e-19)
(-0 -0 -3.87602e-18)
(-0 -0 6.79151e-18)
(-0 -0 -1.94225e-18)
(-0 -0 -1.94648e-18)
(-0 -0 -9.707e-19)
(-0 -0 9.74935e-19)
(-0 -0 1.46198e-18)
(-0 -0 -4.90432e-19)
(-0 -0 -1.46621e-18)
(-0 -0 4.87891e-19)
(-0 -0 -4.89585e-19)
(-0 -0 4.895e-18)
(-0 -0 -3.43302e-18)
(-0 -0 -9.80864e-19)
(-0 -0 -2.5411e-21)
(-0 -0 4.91279e-19)
(-0 -0 9.84252e-19)
(-0 -0 9.81711e-19)
(-0 -0 -3.45251e-18)
(-0 -0 2.96377e-18)
(-0 -0 2.46995e-18)
(-0 -0 -2.96631e-18)
(-0 -0 -2.96716e-18)
(-0 -0 2.48011e-18)
(-0 -0 -2.47503e-18)
(-0 -0 5.46082e-18)
(-0 -0 4.95514e-19)
(-0 -0 -2.98494e-18)
(-0 -0 4.96361e-19)
(-0 -0 -9.92723e-19)
(-0 -0 -1.99561e-18)
(-0 -0 1.50094e-18)
(-0 -0 3.99461e-18)
(-0 -0 5.02291e-19)
(-0 -0 -3.00019e-18)
(-0 -0 2.50044e-18)
(-0 -0 -3.50587e-18)
(-0 -0 1.00543e-18)
(-0 -0 -4.01917e-18)
(-0 -0 6.03172e-18)
(-0 -0 -5.06526e-19)
(-0 -0 1.00797e-18)
(-0 -0 8.47033e-22)
(-0 -0 -1.00797e-18)
(-0 -0 -2.01763e-18)
(-0 -0 -1.69407e-21)
(-0 -0 2.0261e-18)
(-0 -0 -1.51958e-18)
(-0 -0 2.02441e-18)
(-0 -0 -3.55246e-18)
(-0 -0 -1.69407e-21)
(-0 -0 2.03457e-18)
(-0 -0 -2.03796e-18)
(-0 -0 4.07931e-18)
(-0 -0 -5.09575e-18)
(-0 -0 1.01983e-18)
(-0 -0 2.04304e-18)
(-0 -0 -5.111e-18)
(-0 -0 4.09625e-18)
(-0 -0 -1.02491e-18)
(-0 -0 3.07304e-18)
(-0 -0 -2.0549e-18)
(-0 -0 1.0266e-18)
(-0 -0 -1.0283e-18)
(-0 -0 1.54668e-18)
(-0 -0 -2.57667e-18)
(-0 -0 1.54838e-18)
(-0 -0 1.02999e-18)
(-0 -0 -2.06337e-18)
(-0 -0 1.03169e-18)
(-0 -0 -1.03677e-18)
(-0 -0 5.20078e-19)
(-0 -0 -1.03846e-18)
(-0 -0 5.18384e-19)
(-0 -0 1.03677e-18)
(-0 -0 1.55515e-18)
(-0 -0 5.21772e-19)
(-0 -0 -5.21772e-19)
(-0 -0 0)
(-0 -0 -3.65241e-18)
(-0 -0 2.09048e-18)
(-0 -0 -1.04693e-18)
(-0 -0 -4.18773e-18)
(-0 -0 1.56871e-18)
(-0 -0 2.09725e-18)
(-0 -0 -3.14927e-18)
(-0 -0 6.82539e-18)
(-0 -0 -3.15774e-18)
(-0 -0 1.04863e-18)
(-0 -0 -2.10742e-18)
(-0 -0 3.16452e-18)
(-0 -0 -2.64105e-18)
(-0 -0 5.28718e-18)
(-0 -0 -2.11419e-18)
(-0 -0 -5.29396e-18)
(-0 -0 5.83097e-18)
(-0 -0 -5.31937e-19)
(-0 -0 -5.83945e-18)
(-0 -0 6.90501e-18)
(-0 -0 -4.78404e-18)
(-0 -0 1.06218e-18)
(-0 -0 5.31937e-19)
(-0 -0 -5.35325e-19)
(-0 -0 1.60259e-18)
(-0 -0 -4.80776e-18)
(-0 -0 3.21025e-18)
(-0 -0 1.07065e-18)
(-0 -0 -2.14638e-18)
(-0 -0 3.75405e-18)
(-0 -0 -3.22211e-18)
(-0 -0 -5.35325e-19)
(-0 -0 -5.40407e-19)
(-0 -0 -1.69407e-21)
(-0 -0 3.23736e-18)
(-0 -0 5.40407e-19)
(-0 -0 -2.15655e-18)
(-0 -0 1.62122e-18)
(-0 -0 -2.70034e-18)
(-0 -0 1.08251e-18)
(-0 -0 1.0859e-18)
(-0 -0 -1.6263e-18)
(-0 -0 1.62969e-18)
(-0 -0 -2.17687e-18)
(-0 -0 5.47183e-19)
(-0 -0 3.80826e-18)
(-0 -0 -5.42101e-19)
(-0 -0 -2.18365e-18)
(-0 -0 -5.43795e-19)
(-0 -0 -5.48877e-19)
(-0 -0 2.18704e-18)
(-0 -0 3.38813e-21)
(-0 -0 -1.64494e-18)
(-0 -0 2.1972e-18)
(-0 -0 -4.38932e-18)
(-0 -0 2.1989e-18)
(-0 -0 -1.09437e-18)
(-0 -0 -1.10284e-18)
(-0 -0 5.50741e-18)
(-0 -0 -3.3102e-18)
(-0 -0 3.31529e-18)
(-0 -0 -4.41982e-18)
(-0 -0 3.32037e-18)
(-0 -0 -3.32037e-18)
(-0 -0 3.32715e-18)
(-0 -0 -3.32884e-18)
(-0 -0 3.32884e-18)
(-0 -0 -2.226e-18)
(-0 -0 1.10961e-18)
(-0 -0 -2.2277e-18)
(-0 -0 1.113e-18)
(-0 -0 -1.12317e-18)
(-0 -0 2.23108e-18)
(-0 -0 -2.23447e-18)
(-0 -0 1.11808e-18)
(-0 -0 1.12147e-18)
(-0 -0 -1.11808e-18)
(-0 -0 1.69407e-21)
(-0 -0 1.12486e-18)
(-0 -0 0)
(-0 -0 1.12317e-18)
(-0 -0 -2.25141e-18)
(-0 -0 2.2548e-18)
(-0 -0 1.69407e-21)
(-0 -0 -1.69407e-21)
(-0 -0 -2.2565e-18)
(-0 -0 1.12994e-18)
(-0 -0 -3.39999e-18)
(-0 -0 1.13333e-18)
(-0 -0 1.13333e-18)
(-0 -0 2.27005e-18)
(-0 -0 -2.27513e-18)
(-0 -0 1.13672e-18)
(-0 -0 1.14011e-18)
(-0 -0 -1.14349e-18)
(-0 -0 -2.28021e-18)
(-0 -0 3.4271e-18)
(-0 -0 -2.2836e-18)
(-0 -0 2.28699e-18)
(-0 -0 -2.28699e-18)
(-0 -0 -1.69407e-21)
(-0 -0 -1.15027e-18)
(-0 -0 1.15027e-18)
(-0 -0 1.69407e-21)
(-0 -0 1.15027e-18)
(-0 -0 0)
(-0 -0 -2.30562e-18)
(-0 -0 -1.15535e-18)
(-0 -0 4.61802e-18)
(-0 -0 -3.46945e-18)
(-0 -0 2.31579e-18)
(-0 -0 -1.15874e-18)
(-0 -0 2.32087e-18)
(-0 -0 -4.64174e-18)
(-0 -0 4.64852e-18)
(-0 -0 -2.32765e-18)
(-0 -0 1.69407e-21)
(-0 -0 1.69407e-21)
(-0 -0 1.16382e-18)
(-0 -0 -3.38813e-21)
(-0 -0 -3.38813e-21)
(-0 -0 0)
(-0 -0 0)
(-0 -0 -1.69407e-21)
(-0 -0 3.38813e-21)
(-0 -0 -1.17229e-18)
(-0 -0 2.34628e-18)
(-0 -0 -3.52705e-18)
(-0 -0 0)
(-0 -0 3.53043e-18)
(-0 -0 -1.69407e-21)
(-0 -0 -3.5389e-18)
(-0 -0 -2.35983e-18)
(-0 -0 2.36492e-18)
(-0 -0 -1.69407e-21)
(-0 -0 -1.18585e-18)
(-0 -0 4.74e-18)
(-0 -0 1.69407e-21)
(-0 -0 -3.56093e-18)
(-0 -0 2.38016e-18)
(-0 -0 -2.38186e-18)
(-0 -0 2.38355e-18)
(-0 -0 -1.19601e-18)
(-0 -0 0)
(-0 -0 -1.1977e-18)
(-0 -0 1.69407e-21)
(-0 -0 -1.1994e-18)
(-0 -0 0)
(-0 -0 -1.1977e-18)
(-0 -0 3.59989e-18)
(-0 -0 -1.1994e-18)
(-0 -0 3.60667e-18)
(-0 -0 1.20279e-18)
(-0 -0 -1.20448e-18)
(-0 -0 0)
(-0 -0 0)
(-0 -0 0)
(-0 -0 1.69407e-21)
(-0 -0 -4.83995e-18)
(-0 -0 4.84842e-18)
(-0 -0 -3.63716e-18)
(-0 -0 -1.21126e-18)
(-0 -0 -1.21465e-18)
(-0 -0 4.86197e-18)
(-0 -0 1.21803e-18)
(-0 -0 -2.43607e-18)
(-0 -0 1.21634e-18)
(-0 -0 -1.69407e-21)
(-0 -0 -2.44454e-18)
(-0 -0 1.22142e-18)
(-0 -0 -1.22481e-18)
(-0 -0 2.45131e-18)
(-0 -0 -2.45301e-18)
(-0 -0 -1.2265e-18)
(-0 -0 0)
(-0 -0 2.45978e-18)
(-0 -0 1.22989e-18)
(-0 -0 -2.46317e-18)
(-0 -0 1.23328e-18)
(-0 -0 1.23667e-18)
(-0 -0 -1.23497e-18)
(-0 -0 -1.23836e-18)
(-0 -0 2.47672e-18)
(-0 -0 0)
(-0 -0 -1.24175e-18)
(-0 -0 2.48011e-18)
(-0 -0 -2.48689e-18)
(-0 -0 3.72864e-18)
(-0 -0 -2.48858e-18)
(-0 -0 1.24344e-18)
(-0 -0 -2.49875e-18)
(-0 -0 0)
(-0 -0 -2.49705e-18)
(-0 -0 5.00427e-18)
(-0 -0 -5.00766e-18)
(-0 -0 3.76083e-18)
(-0 -0 -3.76252e-18)
(-0 -0 3.76591e-18)
(-0 -0 1.26039e-18)
(-0 -0 -2.51399e-18)
(-0 -0 2.51569e-18)
(-0 -0 -5.03985e-18)
(-0 -0 1.26377e-18)
(-0 -0 5.04832e-18)
(-0 -0 -1.26208e-18)
(-0 -0 -1.26208e-18)
(-0 -0 -2.53093e-18)
(-0 -0 1.69407e-21)
(-0 -0 1.27055e-18)
(-0 -0 2.53771e-18)
(-0 -0 -2.5394e-18)
(-0 -0 -1.26886e-18)
(-0 -0 3.82012e-18)
(-0 -0 -3.82689e-18)
(-0 -0 0)
(-0 -0 5.1093e-18)
(-0 -0 -3.83367e-18)
(-0 -0 2.55973e-18)
(-0 -0 -1.28071e-18)
(-0 -0 -2.56143e-18)
(-0 -0 3.84553e-18)
(-0 -0 0)
(-0 -0 -1.2841e-18)
(-0 -0 2.57329e-18)
(-0 -0 -1.29088e-18)
(-0 -0 -2.57667e-18)
(-0 -0 1.69407e-21)
(-0 -0 2.58345e-18)
(-0 -0 -2.58514e-18)
(-0 -0 -1.69407e-21)
(-0 -0 -1.69407e-21)
(-0 -0 1.29427e-18)
(-0 -0 0)
(-0 -0 1.29935e-18)
(-0 -0 -3.90143e-18)
(-0 -0 2.60039e-18)
(-0 -0 -2.60547e-18)
(-0 -0 1.30443e-18)
(-0 -0 -1.69407e-21)
(-0 -0 3.91499e-18)
(-0 -0 -1.30274e-18)
(-0 -0 -3.92346e-18)
(-0 -0 0)
(-0 -0 3.93362e-18)
(-0 -0 -2.62241e-18)
(-0 -0 2.6258e-18)
(-0 -0 -3.9404e-18)
(-0 -0 0)
(-0 -0 3.94717e-18)
(-0 -0 -2.63427e-18)
(-0 -0 3.96073e-18)
(-0 -0 -3.95734e-18)
(-0 -0 1.32137e-18)
(-0 -0 -2.64613e-18)
(-0 -0 -1.32645e-18)
(-0 -0 5.30581e-18)
(-0 -0 1.32645e-18)
(-0 -0 1.69407e-21)
(-0 -0 -3.98614e-18)
(-0 -0 1.69407e-21)
(-0 -0 -1.33154e-18)
(-0 -0 2.66477e-18)
(-0 -0 -1.33154e-18)
(-0 -0 -2.66307e-18)
(-0 -0 5.34308e-18)
(-0 -0 1.33831e-18)
(-0 -0 -1.34001e-18)
(-0 -0 -5.35833e-18)
(-0 -0 4.0251e-18)
(-0 -0 -1.34509e-18)
(-0 -0 5.37358e-18)
(-0 -0 -6.72714e-18)
(-0 -0 -1.34848e-18)
(-0 -0 2.69695e-18)
(-0 -0 -1.35186e-18)
(-0 -0 4.05221e-18)
(-0 -0 -1.34848e-18)
(-0 -0 -4.06068e-18)
(-0 -0 4.05898e-18)
(-0 -0 -1.36033e-18)
(-0 -0 2.71559e-18)
(-0 -0 -1.69407e-21)
(-0 -0 -4.07762e-18)
(-0 -0 2.72067e-18)
(-0 -0 -2.72575e-18)
(-0 -0 1.36203e-18)
(-0 -0 -2.73253e-18)
(-0 -0 4.09286e-18)
(-0 -0 0)
(-0 -0 1.36542e-18)
(-0 -0 0)
(-0 -0 -2.7393e-18)
(-0 -0 1.37219e-18)
(-0 -0 -2.74777e-18)
(-0 -0 1.37389e-18)
(-0 -0 4.13013e-18)
(-0 -0 -3.38813e-21)
(-0 -0 -4.13691e-18)
(-0 -0 1.38405e-18)
(-0 -0 1.38236e-18)
(-0 -0 0)
(-0 -0 -2.7698e-18)
(-0 -0 -1.38744e-18)
(-0 -0 1.69407e-21)
(-0 -0 1.39252e-18)
(-0 -0 -1.38575e-18)
(-0 -0 -1.69407e-21)
(-0 -0 1.39591e-18)
(-0 -0 -2.78674e-18)
(-0 -0 5.58025e-18)
(-0 -0 -2.78843e-18)
(-0 -0 4.18773e-18)
(-0 -0 -4.19451e-18)
(-0 -0 -1.69407e-21)
(-0 -0 1.69407e-21)
(-0 -0 0)
(-0 -0 -3.38813e-21)
(-0 -0 0)
(-0 -0 1.40438e-18)
(-0 -0 -2.81384e-18)
(-0 -0 4.22161e-18)
(-0 -0 -2.81893e-18)
(-0 -0 1.41624e-18)
(-0 -0 1.69407e-21)
(-0 -0 1.69407e-21)
(-0 -0 -1.41285e-18)
(-0 -0 2.83248e-18)
(-0 -0 -2.83417e-18)
(-0 -0 -3.38813e-21)
(-0 -0 -1.41963e-18)
(-0 -0 5.0822e-21)
(-0 -0 3.38813e-21)
(-0 -0 2.84772e-18)
(-0 -0 -5.70731e-18)
(-0 -0 7.13541e-18)
(-0 -0 -5.71747e-18)
(-0 -0 2.85789e-18)
(-0 -0 -1.69407e-21)
(-0 -0 -4.29954e-18)
(-0 -0 5.73611e-18)
(-0 -0 1.43149e-18)
(-0 -0 -4.3097e-18)
(-0 -0 -1.43996e-18)
(-0 -0 4.31479e-18)
(-0 -0 2.8833e-18)
(-0 -0 -1.44334e-18)
(-0 -0 -1.44334e-18)
(-0 -0 -5.77846e-18)
(-0 -0 2.89177e-18)
(-0 -0 5.78862e-18)
(-0 -0 -1.45012e-18)
(-0 -0 -4.34867e-18)
(-0 -0 1.45351e-18)
(-0 -0 -1.4569e-18)
(-0 -0 -2.90871e-18)
(-0 -0 5.82589e-18)
(-0 -0 1.45351e-18)
(-0 -0 -3.38813e-21)
(-0 -0 -1.4569e-18)
(-0 -0 -1.69407e-21)
(-0 -0 -4.38763e-18)
(-0 -0 2.92735e-18)
(-0 -0 1.46876e-18)
(-0 -0 3.38813e-21)
(-0 -0 -1.69407e-21)
(-0 -0 2.94429e-18)
(-0 -0 -7.35225e-18)
(-0 -0 -1.69407e-21)
(-0 -0 1.47214e-18)
(-0 -0 1.47553e-18)
(-0 -0 -2.95445e-18)
(-0 -0 4.43506e-18)
(-0 -0 -1.47892e-18)
(-0 -0 -4.44184e-18)
(-0 -0 5.92584e-18)
(-0 -0 -2.96292e-18)
(-0 -0 1.69407e-21)
(-0 -0 2.9697e-18)
(-0 -0 3.38813e-21)
(-0 -0 1.48231e-18)
(-0 -0 -4.46725e-18)
(-0 -0 5.9665e-18)
(-0 -0 -2.98494e-18)
(-0 -0 -4.4825e-18)
(-0 -0 1.49755e-18)
(-0 -0 1.49417e-18)
(-0 -0 1.49417e-18)
(-0 -0 0)
(-0 -0 2.9985e-18)
(-0 -0 -7.51488e-18)
(-0 -0 6.01732e-18)
(-0 -0 -3.00866e-18)
(-0 -0 -1.51111e-18)
(-0 -0 0)
(-0 -0 -1.51111e-18)
(-0 -0 4.53332e-18)
(-0 -0 0)
(-0 -0 -4.54348e-18)
(-0 -0 -1.51449e-18)
(-0 -0 6.06814e-18)
(-0 -0 1.52127e-18)
(-0 -0 0)
(-0 -0 1.52127e-18)
(-0 -0 -1.52127e-18)
(-0 -0 -3.04593e-18)
(-0 -0 -1.52466e-18)
(-0 -0 6.10541e-18)
(-0 -0 -4.58753e-18)
(-0 -0 0)
(-0 -0 0)
(-0 -0 0)
(-0 -0 0)
(-0 -0 -1.53482e-18)
(-0 -0 6.14946e-18)
(-0 -0 -4.61802e-18)
(-0 -0 -1.54499e-18)
(-0 -0 3.38813e-21)
(-0 -0 3.0832e-18)
(-0 -0 0)
(-0 -0 -1.54499e-18)
(-0 -0 0)
(-0 -0 3.09675e-18)
(-0 -0 -6.20028e-18)
(-0 -0 7.75543e-18)
(-0 -0 -4.65868e-18)
(-0 -0 4.66207e-18)
(-0 -0 -7.77576e-18)
(-0 -0 1.55515e-18)
(-0 -0 1.55854e-18)
(-0 -0 -1.55854e-18)
(-0 -0 3.12047e-18)
(-0 -0 -1.56193e-18)
(-0 -0 3.13063e-18)
(-0 -0 1.56532e-18)
(-0 -0 1.56532e-18)
(-0 -0 -6.27482e-18)
(-0 -0 -1.56871e-18)
(-0 -0 4.7095e-18)
(-0 -0 -4.71628e-18)
(-0 -0 4.72306e-18)
(-0 -0 -4.73322e-18)
(-0 -0 1.57887e-18)
(-0 -0 0)
(-0 -0 3.16113e-18)
(-0 -0 -1.58226e-18)
(-0 -0 -1.57887e-18)
(-0 -0 -1.58565e-18)
(-0 -0 7.93162e-18)
(-0 -0 -3.1679e-18)
(-0 -0 -4.7671e-18)
(-0 -0 1.59242e-18)
(-0 -0 1.58903e-18)
(-0 -0 1.59581e-18)
(-0 -0 -4.78743e-18)
(-0 -0 -1.59581e-18)
(-0 -0 6.3934e-18)
(-0 -0 -4.79759e-18)
(-0 -0 0)
(-0 -0 0)
(-0 -0 3.21195e-18)
(-0 -0 1.5992e-18)
(-0 -0 -4.82131e-18)
(-0 -0 3.38813e-21)
(-0 -0 3.22211e-18)
(-0 -0 0)
(-0 -0 -1.61953e-18)
(-0 -0 -1.61614e-18)
(-0 -0 1.61614e-18)
(-0 -0 -1.62292e-18)
(-0 -0 3.23905e-18)
(-0 -0 -3.38813e-21)
(-0 -0 -6.49166e-18)
(-0 -0 8.12474e-18)
(-0 -0 -3.25261e-18)
(-0 -0 -3.25599e-18)
(-0 -0 3.25938e-18)
(-0 -0 -4.88907e-18)
(-0 -0 8.15523e-18)
(-0 -0 3.38813e-21)
(-0 -0 -1.63986e-18)
(-0 -0 3.27294e-18)
(-0 -0 -3.26955e-18)
(-0 -0 -3.27632e-18)
(-0 -0 3.27971e-18)
(-0 -0 0)
(-0 -0 0)
(-0 -0 -3.38813e-21)
(-0 -0 1.64663e-18)
(-0 -0 -1.65002e-18)
(-0 -0 -1.65002e-18)
(-0 -0 4.94667e-18)
(-0 -0 -6.61025e-18)
(-0 -0 0)
(-0 -0 4.96361e-18)
(-0 -0 -3.32037e-18)
(-0 -0 3.31698e-18)
(-0 -0 -4.98394e-18)
(-0 -0 3.32037e-18)
(-0 -0 -3.33053e-18)
(-0 -0 -3.38813e-21)
(-0 -0 5.00088e-18)
(-0 -0 -1.67713e-18)
(-0 -0 -3.38813e-21)
(-0 -0 -3.38813e-21)
(-0 -0 0)
(-0 -0 -3.34747e-18)
(-0 -0 1.67713e-18)
(-0 -0 -1.68051e-18)
(-0 -0 3.35764e-18)
(-0 -0 -3.36103e-18)
(-0 -0 0)
(-0 -0 1.6839e-18)
(-0 -0 -1.68729e-18)
(-0 -0 3.38813e-21)
(-0 -0 5.06526e-18)
(-0 -0 -1.69068e-18)
(-0 -0 -3.39152e-18)
(-0 -0 5.08559e-18)
(-0 -0 -1.69407e-18)
(-0 -0 3.39152e-18)
(-0 -0 -3.3983e-18)
(-0 -0 3.38813e-21)
(-0 -0 0)
(-0 -0 -3.40846e-18)
(-0 -0 6.82031e-18)
(-0 -0 -3.41524e-18)
(-0 -0 -3.41862e-18)
(-0 -0 6.83725e-18)
(-0 -0 -3.42201e-18)
(-0 -0 -3.4254e-18)
(-0 -0 3.42879e-18)
(-0 -0 3.43218e-18)
(-0 -0 -3.43557e-18)
(-0 -0 -3.43895e-18)
(-0 -0 3.44234e-18)
(-0 -0 -6.88807e-18)
(-0 -0 3.45251e-18)
(-0 -0 3.44912e-18)
(-0 -0 0)
(-0 -0 3.45251e-18)
(-0 -0 -3.45928e-18)
(-0 -0 0)
(-0 -0 3.38813e-21)
(-0 -0 0)
(-0 -0 -6.95245e-18)
(-0 -0 3.47622e-18)
(-0 -0 0)
(-0 -0 3.483e-18)
(-0 -0 3.38813e-21)
(-0 -0 3.48978e-18)
(-0 -0 -3.49655e-18)
(-0 -0 3.49994e-18)
(-0 -0 -3.49994e-18)
(-0 -0 -3.50333e-18)
(-0 -0 0)
(-0 -0 3.51349e-18)
(-0 -0 -3.51349e-18)
(-0 -0 3.51688e-18)
(-0 -0 3.52705e-18)
(-0 -0 -3.52366e-18)
(-0 -0 -3.52705e-18)
(-0 -0 3.53382e-18)
(-0 -0 0)
(-0 -0 0)
(-0 -0 -3.38813e-21)
(-0 -0 -3.54399e-18)
(-0 -0 0)
(-0 -0 3.55415e-18)
(-0 -0 3.38813e-21)
(-0 -0 -3.38813e-21)
(-0 -0 -3.55754e-18)
(-0 -0 3.55754e-18)
(-0 -0 0)
(-0 -0 -3.57109e-18)
(-0 -0 3.57109e-18)
(-0 -0 -3.57448e-18)
(-0 -0 3.57787e-18)
(-0 -0 -3.38813e-21)
(-0 -0 0)
(-0 -0 3.38813e-21)
(-0 -0 3.38813e-21)
(-0 -0 0)
(-0 -0 3.38813e-21)
(-0 -0 -3.60497e-18)
(-0 -0 3.38813e-21)
(-0 -0 3.61514e-18)
(-0 -0 6.77626e-21)
(-0 -0 -3.61514e-18)
(-0 -0 0)
(-0 -0 0)
(-0 -0 3.62869e-18)
(-0 -0 -3.38813e-21)
(-0 -0 -3.63547e-18)
(-0 -0 3.63547e-18)
(-0 -0 -3.64563e-18)
(-0 -0 3.64563e-18)
(-0 -0 3.38813e-21)
(-0 -0 -3.64563e-18)
(-0 -0 3.38813e-21)
(-0 -0 3.38813e-21)
(-0 -0 3.65918e-18)
(-0 -0 0)
(-0 -0 3.38813e-21)
(-0 -0 -3.38813e-21)
(-0 -0 -3.67273e-18)
(-0 -0 3.67612e-18)
(-0 -0 -3.6829e-18)
(-0 -0 3.38813e-21)
(-0 -0 3.38813e-21)
(-0 -0 3.69306e-18)
(-0 -0 0)
(-0 -0 3.38813e-21)
(-0 -0 -3.70662e-18)
(-0 -0 6.77626e-21)
(-0 -0 0)
(-0 -0 -3.38813e-21)
(-0 -0 3.71339e-18)
(-0 -0 -3.38813e-21)
(-0 -0 0)
(-0 -0 -3.72356e-18)
(-0 -0 7.46067e-18)
(-0 -0 -7.47422e-18)
(-0 -0 3.38813e-21)
(-0 -0 7.48438e-18)
(-0 -0 -7.49116e-18)
(-0 -0 3.74389e-18)
(-0 -0 -3.75066e-18)
(-0 -0 3.75066e-18)
(-0 -0 0)
(-0 -0 -3.7676e-18)
(-0 -0 3.7676e-18)
(-0 -0 -3.77777e-18)
(-0 -0 -3.38813e-21)
(-0 -0 7.55553e-18)
(-0 -0 -3.78116e-18)
(-0 -0 3.38813e-21)
(-0 -0 3.38813e-21)
(-0 -0 3.38813e-21)
(-0 -0 3.38813e-21)
(-0 -0 3.38813e-21)
(-0 -0 3.38813e-21)
(-0 -0 3.80487e-18)
(-0 -0 -7.61313e-18)
(-0 -0 3.81165e-18)
(-0 -0 -3.81504e-18)
(-0 -0 7.63685e-18)
(-0 -0 -7.64363e-18)
(-0 -0 3.82859e-18)
(-0 -0 0)
(-0 -0 3.38813e-21)
(-0 -0 -3.83537e-18)
(-0 -0 3.38813e-21)
(-0 -0 3.84553e-18)
(-0 -0 -3.85231e-18)
(-0 -0 0)
(-0 -0 3.85569e-18)
(-0 -0 0)
(-0 -0 -3.85908e-18)
(-0 -0 3.86247e-18)
(-0 -0 0)
(-0 -0 -3.86925e-18)
(-0 -0 3.87263e-18)
(-0 -0 0)
(-0 -0 -3.8828e-18)
(-0 -0 0)
(-0 -0 -3.38813e-21)
(-0 -0 3.38813e-21)
(-0 -0 3.89974e-18)
(-0 -0 0)
(-0 -0 -3.90652e-18)
(-0 -0 3.91329e-18)
(-0 -0 0)
(-0 -0 3.38813e-21)
(-0 -0 0)
(-0 -0 -3.92346e-18)
(-0 -0 3.92684e-18)
(-0 -0 -3.93023e-18)
(-0 -0 -3.38813e-21)
(-0 -0 0)
(-0 -0 -3.38813e-21)
(-0 -0 0)
(-0 -0 7.89774e-18)
(-0 -0 -7.90451e-18)
(-0 -0 3.95395e-18)
(-0 -0 -3.96411e-18)
(-0 -0 0)
(-0 -0 0)
(-0 -0 3.97089e-18)
(-0 -0 -3.97767e-18)
(-0 -0 0)
(-0 -0 3.98105e-18)
(-0 -0 -3.98444e-18)
(-0 -0 -3.38813e-21)
(-0 -0 0)
(-0 -0 0)
(-0 -0 3.38813e-21)
(-0 -0 4.00477e-18)
(-0 -0 4.00477e-18)
(-0 -0 0)
(-0 -0 -8.03665e-18)
(-0 -0 -3.38813e-21)
(-0 -0 8.0502e-18)
(-0 -0 -4.0251e-18)
(-0 -0 -3.38813e-21)
(-0 -0 3.38813e-21)
(-0 -0 6.77626e-21)
(-0 -0 -3.38813e-21)
(-0 -0 3.38813e-21)
(-0 -0 -4.04882e-18)
(-0 -0 4.06237e-18)
(-0 -0 0)
(-0 -0 -6.77626e-21)
(-0 -0 -4.06915e-18)
(-0 -0 4.07253e-18)
(-0 -0 0)
(-0 -0 -4.0827e-18)
(-0 -0 -3.38813e-21)
(-0 -0 -3.38813e-21)
(-0 -0 -3.38813e-21)
(-0 -0 4.09286e-18)
(-0 -0 -4.09625e-18)
(-0 -0 0)
(-0 -0 4.10642e-18)
(-0 -0 -4.10642e-18)
(-0 -0 4.1098e-18)
(-0 -0 3.38813e-21)
(-0 -0 -4.12336e-18)
(-0 -0 4.12674e-18)
(-0 -0 0)
(-0 -0 6.77626e-21)
(-0 -0 0)
(-0 -0 -3.38813e-21)
(-0 -0 3.38813e-21)
(-0 -0 -4.14707e-18)
(-0 -0 -3.38813e-21)
(-0 -0 0)
(-0 -0 4.15724e-18)
(-0 -0 -4.16063e-18)
(-0 -0 -3.38813e-21)
(-0 -0 4.1674e-18)
(-0 -0 -4.17079e-18)
(-0 -0 -3.38813e-21)
(-0 -0 -3.38813e-21)
(-0 -0 4.18434e-18)
(-0 -0 -4.19112e-18)
(-0 -0 -3.38813e-21)
(-0 -0 4.20128e-18)
(-0 -0 -4.20467e-18)
(-0 -0 4.20806e-18)
(-0 -0 3.38813e-21)
(-0 -0 -4.21145e-18)
(-0 -0 4.21484e-18)
(-0 -0 -6.77626e-21)
(-0 -0 -4.22161e-18)
(-0 -0 4.22839e-18)
(-0 -0 -4.23516e-18)
(-0 -0 4.23855e-18)
(-0 -0 -6.77626e-21)
(-0 -0 3.38813e-21)
(-0 -0 0)
(-0 -0 3.38813e-21)
(-0 -0 0)
(-0 -0 3.38813e-21)
(-0 -0 0)
(-0 -0 3.38813e-21)
(-0 -0 -3.38813e-21)
(-0 -0 0)
(-0 -0 0)
(-0 -0 -3.38813e-21)
(-0 -0 0)
(-0 -0 6.77626e-21)
(-0 -0 -4.29276e-18)
(-0 -0 -3.38813e-21)
(-0 -0 -3.38813e-21)
(-0 -0 4.31309e-18)
(-0 -0 -4.3097e-18)
(-0 -0 0)
(-0 -0 4.32326e-18)
(-0 -0 3.38813e-21)
(-0 -0 -3.38813e-21)
(-0 -0 -4.33003e-18)
(-0 -0 0)
(-0 -0 4.34358e-18)
(-0 -0 6.77626e-21)
(-0 -0 -4.35036e-18)
(-0 -0 0)
(-0 -0 4.35375e-18)
(-0 -0 0)
(-0 -0 -4.3673e-18)
(-0 -0 4.37069e-18)
(-0 -0 -3.38813e-21)
(-0 -0 3.38813e-21)
(-0 -0 -4.38763e-18)
(-0 -0 4.38763e-18)
(-0 -0 -4.38424e-18)
(-0 -0 -3.38813e-21)
(-0 -0 4.40457e-18)
(-0 -0 0)
(-0 -0 -4.41474e-18)
(-0 -0 4.40796e-18)
(-0 -0 3.38813e-21)
(-0 -0 -3.38813e-21)
(-0 -0 3.38813e-21)
(-0 -0 -4.42829e-18)
(-0 -0 4.43845e-18)
(-0 -0 0)
(-0 -0 0)
(-0 -0 0)
(-0 -0 0)
(-0 -0 -4.45539e-18)
(-0 -0 4.45539e-18)
(-0 -0 0)
(-0 -0 -4.46217e-18)
(-0 -0 6.77626e-21)
(-0 -0 4.47233e-18)
(-0 -0 0)
(-0 -0 3.38813e-21)
(-0 -0 -4.48589e-18)
(-0 -0 4.48927e-18)
(-0 -0 -4.49266e-18)
(-0 -0 4.49944e-18)
(-0 -0 3.38813e-21)
(-0 -0 3.38813e-21)
(-0 -0 -4.51638e-18)
(-0 -0 0)
(-0 -0 4.51977e-18)
(-0 -0 -4.52654e-18)
(-0 -0 4.52654e-18)
(-0 -0 -4.52654e-18)
(-0 -0 3.38813e-21)
(-0 -0 -3.38813e-21)
(-0 -0 4.54348e-18)
(-0 -0 -3.38813e-21)
(-0 -0 -3.38813e-21)
(-0 -0 -3.38813e-21)
(-0 -0 0)
(-0 -0 0)
(-0 -0 -4.57398e-18)
(-0 -0 4.57737e-18)
(-0 -0 6.77626e-21)
(-0 -0 0)
(-0 -0 -4.58414e-18)
(-0 -0 4.59092e-18)
(-0 -0 0)
(-0 -0 -3.38813e-21)
(-0 -0 -3.38813e-21)
(-0 -0 0)
(-0 -0 0)
(-0 -0 -4.61802e-18)
(-0 -0 4.6248e-18)
(-0 -0 -4.63158e-18)
(-0 -0 4.63158e-18)
(-0 -0 -3.38813e-21)
(-0 -0 -4.64513e-18)
(-0 -0 -3.38813e-21)
(-0 -0 0)
(-0 -0 4.65529e-18)
(-0 -0 0)
(-0 -0 0)
(-0 -0 -4.67223e-18)
(-0 -0 4.66885e-18)
(-0 -0 0)
(-0 -0 0)
(-0 -0 3.38813e-21)
(-0 -0 0)
(-0 -0 -3.38813e-21)
(-0 -0 -3.38813e-21)
(-0 -0 -4.70273e-18)
(-0 -0 4.7095e-18)
(-0 -0 3.38813e-21)
(-0 -0 -3.38813e-21)
(-0 -0 -3.38813e-21)
(-0 -0 -4.71289e-18)
(-0 -0 4.72306e-18)
(-0 -0 3.38813e-21)
(-0 -0 0)
(-0 -0 3.38813e-21)
(-0 -0 -4.74338e-18)
(-0 -0 0)
(-0 -0 4.75016e-18)
(-0 -0 0)
(-0 -0 0)
(-0 -0 -4.77049e-18)
(-0 -0 -6.77626e-21)
(-0 -0 4.77727e-18)
(-0 -0 0)
(-0 -0 -4.78743e-18)
(-0 -0 4.79082e-18)
(-0 -0 -4.79421e-18)
(-0 -0 4.80437e-18)
(-0 -0 0)
(-0 -0 -3.38813e-21)
(-0 -0 0)
(-0 -0 0)
(-0 -0 0)
(-0 -0 0)
(-0 -0 -3.38813e-21)
(-0 -0 -4.83486e-18)
(-0 -0 4.83825e-18)
(-0 -0 3.38813e-21)
(-0 -0 -4.84503e-18)
(-0 -0 4.8518e-18)
(-0 -0 -4.85519e-18)
(-0 -0 4.86875e-18)
(-0 -0 -3.38813e-21)
(-0 -0 -4.87552e-18)
(-0 -0 4.87891e-18)
(-0 -0 6.77626e-21)
(-0 -0 -4.8823e-18)
(-0 -0 0)
(-0 -0 4.88907e-18)
(-0 -0 0)
(-0 -0 3.38813e-21)
(-0 -0 -4.9094e-18)
(-0 -0 3.38813e-21)
(-0 -0 6.77626e-21)
(-0 -0 4.91957e-18)
(-0 -0 0)
(-0 -0 3.38813e-21)
(-0 -0 6.77626e-21)
(-0 -0 3.38813e-21)
(-0 -0 -3.38813e-21)
(-0 -0 -4.95006e-18)
(-0 -0 4.95684e-18)
(-0 -0 3.38813e-21)
(-0 -0 0)
(-0 -0 3.38813e-21)
(-0 -0 -4.97717e-18)
(-0 -0 4.98055e-18)
(-0 -0 -4.98394e-18)
(-0 -0 4.98733e-18)
(-0 -0 0)
(-0 -0 0)
(-0 -0 -4.99749e-18)
(-0 -0 5.00427e-18)
(-0 -0 3.38813e-21)
(-0 -0 -5.01105e-18)
(-0 -0 0)
(-0 -0 5.02799e-18)
(-0 -0 -3.38813e-21)
(-0 -0 -3.38813e-21)
(-0 -0 -5.03476e-18)
(-0 -0 3.38813e-21)
(-0 -0 -3.38813e-21)
(-0 -0 5.05509e-18)
(-0 -0 0)
(-0 -0 -5.06526e-18)
(-0 -0 3.38813e-21)
(-0 -0 -3.38813e-21)
(-0 -0 3.38813e-21)
(-0 -0 5.08897e-18)
(-0 -0 0)
(-0 -0 -6.77626e-21)
(-0 -0 6.77626e-21)
(-0 -0 -5.10253e-18)
(-0 -0 5.10253e-18)
(-0 -0 -5.11269e-18)
(-0 -0 5.11608e-18)
(-0 -0 0)
(-0 -0 0)
(-0 -0 -5.12963e-18)
(-0 -0 0)
(-0 -0 5.13641e-18)
(-0 -0 -5.14318e-18)
(-0 -0 5.14657e-18)
(-0 -0 -5.14657e-18)
(-0 -0 -3.38813e-21)
(-0 -0 5.17029e-18)
(-0 -0 3.38813e-21)
(-0 -0 0)
(-0 -0 -3.38813e-21)
(-0 -0 -3.38813e-21)
(-0 -0 -5.18723e-18)
(-0 -0 6.77626e-21)
(-0 -0 5.20078e-18)
(-0 -0 -6.77626e-21)
(-0 -0 -3.38813e-21)
(-0 -0 0)
(-0 -0 -3.38813e-21)
(-0 -0 3.38813e-21)
(-0 -0 0)
(-0 -0 3.38813e-21)
(-0 -0 0)
(-0 -0 -5.24144e-18)
(-0 -0 5.24483e-18)
(-0 -0 -5.25499e-18)
(-0 -0 0)
(-0 -0 5.25499e-18)
(-0 -0 0)
(-0 -0 6.77626e-21)
(-0 -0 3.38813e-21)
(-0 -0 0)
(-0 -0 0)
(-0 -0 0)
(-0 -0 3.38813e-21)
(-0 -0 -5.29904e-18)
(-0 -0 5.30243e-18)
(-0 -0 0)
(-0 -0 -6.77626e-21)
(-0 -0 0)
(-0 -0 -5.32614e-18)
(-0 -0 5.32614e-18)
(-0 -0 -3.38813e-21)
(-0 -0 0)
(-0 -0 -5.34647e-18)
(-0 -0 5.34986e-18)
(-0 -0 3.38813e-21)
(-0 -0 -3.38813e-21)
(-0 -0 3.38813e-21)
(-0 -0 0)
(-0 -0 3.38813e-21)
(-0 -0 -5.38713e-18)
(-0 -0 5.38713e-18)
(-0 -0 0)
(-0 -0 0)
(-0 -0 -5.40068e-18)
(-0 -0 5.40746e-18)
(-0 -0 3.38813e-21)
(-0 -0 3.38813e-21)
(-0 -0 3.38813e-21)
(-0 -0 -5.42101e-18)
(-0 -0 5.42779e-18)
(-0 -0 -5.43795e-18)
(-0 -0 5.44473e-18)
(-0 -0 3.38813e-21)
(-0 -0 -5.45489e-18)
(-0 -0 5.45828e-18)
(-0 -0 -5.46167e-18)
(-0 -0 5.47183e-18)
(-0 -0 3.38813e-21)
(-0 -0 0)
(-0 -0 3.38813e-21)
(-0 -0 -5.48539e-18)
(-0 -0 5.49216e-18)
(-0 -0 6.77626e-21)
(-0 -0 -5.49555e-18)
(-0 -0 5.51249e-18)
(-0 -0 -3.38813e-21)
(-0 -0 -5.51249e-18)
(-0 -0 5.51927e-18)
(-0 -0 -5.53282e-18)
(-0 -0 5.53621e-18)
(-0 -0 -5.53621e-18)
(-0 -0 5.54637e-18)
(-0 -0 0)
(-0 -0 3.38813e-21)
(-0 -0 -5.55654e-18)
(-0 -0 -3.38813e-21)
(-0 -0 3.38813e-21)
(-0 -0 5.57348e-18)
(-0 -0 3.38813e-21)
(-0 -0 -3.38813e-21)
(-0 -0 -3.38813e-21)
(-0 -0 -3.38813e-21)
(-0 -0 -5.60058e-18)
(-0 -0 5.61075e-18)
(-0 -0 6.77626e-21)
(-0 -0 -3.38813e-21)
(-0 -0 -3.38813e-21)
(-0 -0 3.38813e-21)
(-0 -0 -5.63108e-18)
(-0 -0 5.63446e-18)
(-0 -0 0)
(-0 -0 -5.64802e-18)
(-0 -0 5.65479e-18)
(-0 -0 3.38813e-21)
(-0 -0 -5.66834e-18)
(-0 -0 5.67173e-18)
(-0 -0 0)
(-0 -0 3.38813e-21)
(-0 -0 -3.38813e-21)
(-0 -0 -6.77626e-21)
(-0 -0 -3.38813e-21)
(-0 -0 -3.38813e-21)
(-0 -0 0)
(-0 -0 -3.38813e-21)
(-0 -0 -3.38813e-21)
(-0 -0 -3.38813e-21)
(-0 -0 3.38813e-21)
(-0 -0 -3.38813e-21)
(-0 -0 -5.7395e-18)
(-0 -0 5.7395e-18)
(-0 -0 0)
(-0 -0 -5.75644e-18)
(-0 -0 5.76321e-18)
(-0 -0 0)
(-0 -0 -6.77626e-21)
(-0 -0 6.77626e-21)
(-0 -0 -6.77626e-21)
(-0 -0 -5.79371e-18)
(-0 -0 5.79371e-18)
(-0 -0 0)
(-0 -0 -6.77626e-21)
(-0 -0 -5.80726e-18)
(-0 -0 5.82081e-18)
(-0 -0 -5.83436e-18)
(-0 -0 5.82081e-18)
(-0 -0 -5.83436e-18)
(-0 -0 0)
(-0 -0 5.84792e-18)
(-0 -0 0)
(-0 -0 -5.84114e-18)
(-0 -0 5.86147e-18)
(-0 -0 -5.86147e-18)
(-0 -0 6.77626e-21)
(-0 -0 6.77626e-21)
(-0 -0 5.8818e-18)
(-0 -0 6.77626e-21)
(-0 -0 -6.77626e-21)
(-0 -0 0)
(-0 -0 0)
(-0 -0 0)
(-0 -0 0)
(-0 -0 0)
(-0 -0 -5.92245e-18)
(-0 -0 5.92923e-18)
(-0 -0 -5.94278e-18)
(-0 -0 0)
(-0 -0 5.93601e-18)
(-0 -0 -5.94278e-18)
(-0 -0 5.95634e-18)
(-0 -0 0)
(-0 -0 -5.97666e-18)
(-0 -0 0)
(-0 -0 5.98344e-18)
(-0 -0 -5.97666e-18)
(-0 -0 0)
(-0 -0 5.99699e-18)
(-0 -0 0)
(-0 -0 -6.00377e-18)
(-0 -0 6.77626e-21)
(-0 -0 6.77626e-21)
(-0 -0 6.0241e-18)
(-0 -0 0)
(-0 -0 -6.03765e-18)
(-0 -0 0)
(-0 -0 6.0512e-18)
(-0 -0 0)
(-0 -0 0)
(-0 -0 -6.06476e-18)
(-0 -0 6.07153e-18)
(-0 -0 -6.07831e-18)
(-0 -0 6.08508e-18)
(-0 -0 -6.09864e-18)
(-0 -0 0)
(-0 -0 6.09864e-18)
(-0 -0 6.10541e-18)
(-0 -0 -6.11219e-18)
(-0 -0 6.77626e-21)
(-0 -0 6.11219e-18)
(-0 -0 -6.12574e-18)
(-0 -0 6.77626e-21)
(-0 -0 -6.13929e-18)
(-0 -0 6.14607e-18)
(-0 -0 0)
(-0 -0 -6.15285e-18)
(-0 -0 0)
(-0 -0 6.1664e-18)
(-0 -0 0)
(-0 -0 -1.23599e-17)
(-0 -0 1.23667e-17)
(-0 -0 0)
(-0 -0 -6.20028e-18)
(-0 -0 0)
(-0 -0 0)
(-0 -0 1.24141e-17)
(-0 -0 -6.22061e-18)
(-0 -0 -6.23416e-18)
(-0 -0 6.23416e-18)
(-0 -0 0)
(-0 -0 -6.25449e-18)
(-0 -0 0)
(-0 -0 1.25158e-17)
(-0 -0 -1.25293e-17)
(-0 -0 6.27482e-18)
(-0 -0 0)
(-0 -0 6.2816e-18)
(-0 -0 -1.25767e-17)
(-0 -0 0)
(-0 -0 6.77626e-21)
(-0 -0 6.30193e-18)
(-0 -0 -6.30193e-18)
(-0 -0 6.77626e-21)
(-0 -0 6.32903e-18)
(-0 -0 -6.32903e-18)
(-0 -0 -6.77626e-21)
(-0 -0 6.32903e-18)
(-0 -0 -6.34936e-18)
(-0 -0 6.34258e-18)
(-0 -0 0)
(-0 -0 -6.35614e-18)
(-0 -0 6.37646e-18)
(-0 -0 0)
(-0 -0 -6.77626e-21)
(-0 -0 -6.38324e-18)
(-0 -0 1.278e-17)
(-0 -0 -6.39002e-18)
(-0 -0 -6.40357e-18)
(-0 -0 6.77626e-21)
(-0 -0 6.4239e-18)
(-0 -0 -6.4239e-18)
(-0 -0 6.4239e-18)
(-0 -0 0)
(-0 -0 -6.43067e-18)
(-0 -0 6.451e-18)
(-0 -0 0)
(-0 -0 -6.77626e-21)
(-0 -0 -6.45778e-18)
(-0 -0 6.47133e-18)
(-0 -0 -6.47811e-18)
(-0 -0 0)
(-0 -0 0)
(-0 -0 6.49844e-18)
(-0 -0 0)
(-0 -0 -6.51199e-18)
(-0 -0 6.51877e-18)
(-0 -0 0)
(-0 -0 0)
(-0 -0 -6.53232e-18)
(-0 -0 0)
(-0 -0 6.77626e-21)
(-0 -0 6.77626e-21)
(-0 -0 1.31188e-17)
(-0 -0 -1.35525e-20)
(-0 -0 -1.31392e-17)
(-0 -0 6.57975e-18)
(-0 -0 6.77626e-21)
(-0 -0 -6.77626e-21)
(-0 -0 -6.5933e-18)
(-0 -0 6.5933e-18)
(-0 -0 6.77626e-21)
(-0 -0 6.60686e-18)
(-0 -0 -1.32408e-17)
(-0 -0 1.35525e-20)
(-0 -0 0)
(-0 -0 6.64074e-18)
(-0 -0 -6.64074e-18)
(-0 -0 6.64751e-18)
(-0 -0 -6.64751e-18)
(-0 -0 6.66107e-18)
(-0 -0 0)
(-0 -0 -6.67462e-18)
(-0 -0 0)
(-0 -0 0)
(-0 -0 6.69495e-18)
(-0 -0 0)
(-0 -0 0)
(-0 -0 0)
(-0 -0 0)
(-0 -0 -6.71528e-18)
(-0 -0 6.73561e-18)
(-0 -0 -6.73561e-18)
(-0 -0 0)
(-0 -0 0)
(-0 -0 6.75593e-18)
(-0 -0 -6.77626e-21)
(-0 -0 0)
(-0 -0 -6.77626e-18)
(-0 -0 6.77626e-18)
(-0 -0 0)
(-0 -0 -6.79659e-18)
(-0 -0 6.77626e-21)
(-0 -0 -6.77626e-21)
(-0 -0 -6.77626e-21)
(-0 -0 1.36338e-17)
(-0 -0 -6.8237e-18)
(-0 -0 0)
(-0 -0 0)
(-0 -0 0)
(-0 -0 6.77626e-21)
(-0 -0 -6.86436e-18)
(-0 -0 0)
(-0 -0 6.87791e-18)
(-0 -0 6.77626e-21)
(-0 -0 6.89146e-18)
(-0 -0 -6.77626e-21)
(-0 -0 -6.89824e-18)
(-0 -0 6.90501e-18)
(-0 -0 -6.91179e-18)
(-0 -0 0)
(-0 -0 0)
(-0 -0 0)
(-0 -0 -6.77626e-21)
(-0 -0 0)
(-0 -0 6.95245e-18)
(-0 -0 -6.95245e-18)
(-0 -0 0)
(-0 -0 -1.35525e-20)
(-0 -0 -6.77626e-21)
(-0 -0 -6.97955e-18)
(-0 -0 6.98633e-18)
(-0 -0 0)
(-0 -0 -6.99988e-18)
(-0 -0 7.00666e-18)
(-0 -0 0)
(-0 -0 -7.02699e-18)
(-0 -0 -7.02699e-18)
(-0 -0 7.04054e-18)
(-0 -0 7.03376e-18)
(-0 -0 6.77626e-21)
(-0 -0 7.05409e-18)
(-0 -0 -7.05409e-18)
(-0 -0 0)
(-0 -0 0)
(-0 -0 -7.06764e-18)
(-0 -0 -6.77626e-21)
(-0 -0 7.0812e-18)
(-0 -0 0)
(-0 -0 -7.1083e-18)
(-0 -0 7.10152e-18)
(-0 -0 -7.11508e-18)
(-0 -0 0)
(-0 -0 -6.77626e-21)
(-0 -0 0)
(-0 -0 0)
(-0 -0 6.77626e-21)
(-0 -0 6.77626e-21)
(-0 -0 7.16929e-18)
(-0 -0 -7.16929e-18)
(-0 -0 6.77626e-21)
(-0 -0 0)
(-0 -0 7.19639e-18)
(-0 -0 0)
(-0 -0 0)
(-0 -0 0)
(-0 -0 -7.20994e-18)
(-0 -0 7.2235e-18)
(-0 -0 6.77626e-21)
(-0 -0 -7.24383e-18)
(-0 -0 6.77626e-21)
(-0 -0 6.77626e-21)
(-0 -0 7.25738e-18)
(-0 -0 -7.25738e-18)
(-0 -0 6.77626e-21)
(-0 -0 -6.77626e-21)
(-0 -0 0)
(-0 -0 7.28448e-18)
(-0 -0 7.29804e-18)
(-0 -0 0)
(-0 -0 -6.77626e-21)
(-0 -0 -7.31836e-18)
(-0 -0 0)
(-0 -0 -7.33869e-18)
(-0 -0 1.46774e-17)
(-0 -0 -7.33869e-18)
(-0 -0 0)
(-0 -0 0)
(-0 -0 -7.37257e-18)
(-0 -0 0)
(-0 -0 7.37935e-18)
(-0 -0 -7.3929e-18)
(-0 -0 6.77626e-21)
(-0 -0 7.40646e-18)
(-0 -0 -6.77626e-21)
(-0 -0 0)
(-0 -0 6.77626e-21)
(-0 -0 0)
(-0 -0 0)
(-0 -0 -6.77626e-21)
(-0 -0 -7.44711e-18)
(-0 -0 7.46067e-18)
(-0 -0 0)
(-0 -0 -6.77626e-21)
(-0 -0 -7.48099e-18)
(-0 -0 7.48777e-18)
(-0 -0 0)
(-0 -0 -6.77626e-21)
(-0 -0 7.50132e-18)
(-0 -0 -1.5023e-17)
(-0 -0 7.52165e-18)
(-0 -0 -7.52843e-18)
(-0 -0 -6.77626e-21)
(-0 -0 0)
(-0 -0 1.51043e-17)
(-0 -0 -7.56231e-18)
(-0 -0 6.77626e-21)
(-0 -0 0)
(-0 -0 6.77626e-21)
(-0 -0 7.59619e-18)
(-0 -0 -7.58942e-18)
(-0 -0 6.77626e-21)
(-0 -0 0)
(-0 -0 -1.52398e-17)
(-0 -0 2.28834e-17)
(-0 -0 -1.52669e-17)
(-0 -0 0)
(-0 -0 6.77626e-21)
(-0 -0 0)
(-0 -0 -7.65718e-18)
(-0 -0 7.67073e-18)
(-0 -0 7.68428e-18)
(-0 -0 -7.67751e-18)
(-0 -0 1.53618e-17)
(-0 -0 -1.53821e-17)
(-0 -0 0)
(-0 -0 1.92717e-17)
(-0 -0 -3.85569e-18)
(-0 -0 -2.3168e-17)
(-0 -0 3.86925e-18)
(-0 -0 1.16077e-17)
(-0 -0 -3.86925e-18)
(-0 -0 1.55109e-17)
(-0 -0 -7.7656e-18)
(-0 -0 -1.16484e-17)
(-0 -0 3.88958e-18)
(-0 -0 3.89635e-18)
(-0 -0 -3.88958e-18)
(-0 -0 -3.89635e-18)
(-0 -0 1.5599e-17)
(-0 -0 -3.90313e-18)
(-0 -0 0)
(-0 -0 -1.56599e-17)
(-0 -0 3.92346e-18)
(-0 -0 7.83336e-18)
(-0 -0 -3.91668e-18)
(-0 -0 7.86047e-18)
(-0 -0 0)
(-0 -0 -7.86724e-18)
(-0 -0 3.93023e-18)
(-0 -0 6.77626e-21)
(-0 -0 -7.88757e-18)
(-0 -0 7.9079e-18)
(-0 -0 0)
(-0 -0 -3.95734e-18)
(-0 -0 7.9079e-18)
(-0 -0 -1.18856e-17)
(-0 -0 6.77626e-21)
(-0 -0 1.19059e-17)
(-0 -0 -3.98444e-18)
(-0 -0 -1.19262e-17)
(-0 -0 1.5931e-17)
(-0 -0 -1.19533e-17)
(-0 -0 1.19737e-17)
(-0 -0 -3.99122e-18)
(-0 -0 -1.1994e-17)
(-0 -0 8.01632e-18)
(-0 -0 -4.00477e-18)
(-0 -0 4.00477e-18)
(-0 -0 0)
(-0 -0 4.01155e-18)
(-0 -0 6.77626e-21)
(-0 -0 4.01832e-18)
(-0 -0 -1.6114e-17)
(-0 -0 8.06375e-18)
(-0 -0 -4.0251e-18)
(-0 -0 1.61478e-17)
(-0 -0 -4.05221e-18)
(-0 -0 6.77626e-21)
(-0 -0 -4.04543e-18)
(-0 -0 -4.05221e-18)
(-0 -0 -6.77626e-21)
(-0 -0 -1.21702e-17)
(-0 -0 1.22041e-17)
(-0 -0 -4.07253e-18)
(-0 -0 -6.77626e-21)
(-0 -0 8.14507e-18)
(-0 -0 4.07931e-18)
(-0 -0 -1.22515e-17)
(-0 -0 8.17895e-18)
(-0 -0 -4.09286e-18)
(-0 -0 -1.22786e-17)
(-0 -0 8.20606e-18)
(-0 -0 8.21283e-18)
(-0 -0 0)
(-0 -0 4.10642e-18)
(-0 -0 -8.22638e-18)
(-0 -0 1.23735e-17)
(-0 -0 -1.23802e-17)
(-0 -0 8.23994e-18)
(-0 -0 -4.13352e-18)
(-0 -0 0)
(-0 -0 -4.14707e-18)
(-0 -0 6.77626e-21)
(-0 -0 4.1403e-18)
(-0 -0 -4.15385e-18)
(-0 -0 6.77626e-21)
(-0 -0 -6.77626e-21)
(-0 -0 1.66425e-17)
(-0 -0 -1.24954e-17)
(-0 -0 -1.25022e-17)
(-0 -0 4.1674e-18)
(-0 -0 8.34158e-18)
(-0 -0 -6.77626e-21)
(-0 -0 -4.18095e-18)
(-0 -0 -8.37546e-18)
(-0 -0 8.38224e-18)
(-0 -0 8.38901e-18)
(-0 -0 -1.25971e-17)
(-0 -0 4.20128e-18)
(-0 -0 -4.20128e-18)
(-0 -0 1.26377e-17)
(-0 -0 4.22161e-18)
(-0 -0 -8.44322e-18)
(-0 -0 -6.77626e-21)
(-0 -0 8.45e-18)
(-0 -0 -8.47033e-18)
(-0 -0 -1.27055e-17)
(-0 -0 8.49066e-18)
(-0 -0 -4.24194e-18)
(-0 -0 8.50421e-18)
(-0 -0 -8.49743e-18)
(-0 -0 1.27733e-17)
(-0 -0 -4.26227e-18)
(-0 -0 8.52454e-18)
(-0 -0 -1.28004e-17)
(-0 -0 4.26905e-18)
(-0 -0 -8.55842e-18)
(-0 -0 4.28937e-18)
(-0 -0 1.28613e-17)
(-0 -0 -1.28749e-17)
(-0 -0 -4.29615e-18)
(-0 -0 -4.29615e-18)
(-0 -0 8.61263e-18)
(-0 -0 4.3097e-18)
(-0 -0 4.30293e-18)
(-0 -0 -4.31648e-18)
(-0 -0 -4.3097e-18)
(-0 -0 -4.31648e-18)
(-0 -0 1.29765e-17)
(-0 -0 -8.65329e-18)
(-0 -0 -4.34358e-18)
(-0 -0 4.35036e-18)
(-0 -0 8.68039e-18)
(-0 -0 -8.68039e-18)
(-0 -0 6.77626e-21)
(-0 -0 4.36391e-18)
(-0 -0 6.77626e-21)
(-0 -0 4.35714e-18)
(-0 -0 -8.7346e-18)
(-0 -0 1.31053e-17)
(-0 -0 -4.37069e-18)
(-0 -0 4.38424e-18)
(-0 -0 -4.39102e-18)
(-0 -0 0)
(-0 -0 -4.39102e-18)
(-0 -0 -8.78881e-18)
(-0 -0 8.80237e-18)
(-0 -0 -8.80914e-18)
(-0 -0 -6.77626e-21)
(-0 -0 -4.3978e-18)
(-0 -0 0)
(-0 -0 8.84302e-18)
(-0 -0 8.8498e-18)
(-0 -0 -8.8498e-18)
(-0 -0 8.85658e-18)
(-0 -0 4.43845e-18)
(-0 -0 -1.33221e-17)
(-0 -0 -4.43845e-18)
(-0 -0 6.77626e-21)
(-0 -0 4.45201e-18)
(-0 -0 -4.45201e-18)
(-0 -0 6.77626e-21)
(-0 -0 4.46556e-18)
(-0 -0 1.33967e-17)
(-0 -0 -4.47233e-18)
(-0 -0 -4.47911e-18)
(-0 -0 -8.95822e-18)
(-0 -0 4.47233e-18)
(-0 -0 8.98533e-18)
(-0 -0 -6.77626e-21)
(-0 -0 -1.34848e-17)
(-0 -0 1.79978e-17)
(-0 -0 -4.51299e-18)
(-0 -0 -1.3539e-17)
(-0 -0 0)
(-0 -0 9.03954e-18)
(-0 -0 9.03954e-18)
(-0 -0 -1.35796e-17)
(-0 -0 -6.77626e-21)
(-0 -0 -4.5401e-18)
(-0 -0 9.07342e-18)
(-0 -0 -4.53332e-18)
(-0 -0 9.10052e-18)
(-0 -0 -9.1073e-18)
(-0 -0 1.36813e-17)
(-0 -0 -4.55365e-18)
(-0 -0 4.58075e-18)
(-0 -0 -9.14118e-18)
(-0 -0 -9.14118e-18)
(-0 -0 9.15473e-18)
(-0 -0 4.58075e-18)
(-0 -0 -1.83433e-17)
(-0 -0 9.19539e-18)
(-0 -0 4.59431e-18)
(-0 -0 9.20217e-18)
(-0 -0 -9.20894e-18)
(-0 -0 4.61464e-18)
(-0 -0 -1.38371e-17)
(-0 -0 0)
(-0 -0 9.24282e-18)
(-0 -0 -9.26315e-18)
(-0 -0 -4.63496e-18)
(-0 -0 1.39117e-17)
(-0 -0 -1.39252e-17)
(-0 -0 1.39252e-17)
(-0 -0 0)
(-0 -0 -6.77626e-21)
(-0 -0 -9.31059e-18)
(-0 -0 6.77626e-21)
(-0 -0 9.33091e-18)
(-0 -0 4.67562e-18)
(-0 -0 -1.40133e-17)
(-0 -0 4.6824e-18)
(-0 -0 -9.35802e-18)
(-0 -0 4.68917e-18)
(-0 -0 0)
(-0 -0 0)
(-0 -0 1.40879e-17)
(-0 -0 -9.39868e-18)
(-0 -0 0)
(-0 -0 9.41901e-18)
(-0 -0 -4.71628e-18)
(-0 -0 -9.44611e-18)
(-0 -0 1.89193e-17)
(-0 -0 0)
(-0 -0 -9.47999e-18)
(-0 -0 9.47322e-18)
(-0 -0 -1.89803e-17)
(-0 -0 4.75016e-18)
(-0 -0 0)
(-0 -0 4.75016e-18)
(-0 -0 0)
(-0 -0 -1.90684e-17)
(-0 -0 2.38524e-17)
(-0 -0 0)
(-0 -0 -4.77727e-18)
(-0 -0 0)
(-0 -0 4.79082e-18)
(-0 -0 -4.79082e-18)
(-0 -0 -9.60197e-18)
(-0 -0 4.80437e-18)
(-0 -0 -4.79759e-18)
(-0 -0 0)
(-0 -0 1.44605e-17)
(-0 -0 -1.44809e-17)
(-0 -0 4.83148e-18)
(-0 -0 4.8247e-18)
(-0 -0 -6.77626e-21)
(-0 -0 -6.77626e-21)
(-0 -0 -9.69006e-18)
(-0 -0 9.69683e-18)
(-0 -0 6.77626e-21)
(-0 -0 -4.84503e-18)
(-0 -0 -4.85858e-18)
(-0 -0 4.85858e-18)
(-0 -0 9.74427e-18)
(-0 -0 -1.463e-17)
(-0 -0 -6.77626e-21)
(-0 -0 0)
(-0 -0 4.87891e-18)
(-0 -0 9.78492e-18)
(-0 -0 -9.79848e-18)
(-0 -0 9.80525e-18)
(-0 -0 0)
(-0 -0 -2.45572e-17)
(-0 -0 9.82558e-18)
(-0 -0 4.91957e-18)
(-0 -0 9.84591e-18)
(-0 -0 4.93312e-18)
(-0 -0 -1.48061e-17)
(-0 -0 -9.87979e-18)
(-0 -0 2.47198e-17)
(-0 -0 -4.94667e-18)
(-0 -0 -9.91367e-18)
(-0 -0 9.92045e-18)
(-0 -0 -1.98477e-17)
(-0 -0 1.48942e-17)
(-0 -0 -6.77626e-21)
(-0 -0 4.98055e-18)
(-0 -0 -4.98733e-18)
(-0 -0 9.97466e-18)
(-0 -0 -4.98733e-18)
(-0 -0 6.77626e-21)
(-0 -0 0)
(-0 -0 -2.00239e-17)
(-0 -0 1.00085e-17)
(-0 -0 0)
(-0 -0 5.01444e-18)
(-0 -0 -1.0056e-17)
(-0 -0 5.02799e-18)
(-0 -0 -5.03476e-18)
(-0 -0 5.04832e-18)
(-0 -0 1.00763e-17)
(-0 -0 -5.05509e-18)
(-0 -0 0)
(-0 -0 -5.04154e-18)
(-0 -0 -5.06865e-18)
(-0 -0 1.51856e-17)
(-0 -0 -1.52127e-17)
(-0 -0 0)
(-0 -0 -5.07542e-18)
(-0 -0 1.52601e-17)
(-0 -0 -6.77626e-21)
(-0 -0 -1.01983e-17)
(-0 -0 5.09575e-18)
(-0 -0 5.10253e-18)
(-0 -0 -5.10253e-18)
(-0 -0 6.77626e-21)
(-0 -0 -5.11608e-18)
(-0 -0 1.02457e-17)
(-0 -0 -1.02593e-17)
(-0 -0 -1.54092e-17)
(-0 -0 2.57024e-17)
(-0 -0 -1.02728e-17)
(-0 -0 -5.14318e-18)
(-0 -0 2.57566e-17)
(-0 -0 -5.16351e-18)
(-0 -0 -5.16351e-18)
(-0 -0 -5.16351e-18)
(-0 -0 -5.17029e-18)
(-0 -0 5.17707e-18)
(-0 -0 1.55515e-17)
(-0 -0 -5.18384e-18)
(-0 -0 -6.77626e-21)
(-0 -0 -5.19739e-18)
(-0 -0 -1.5599e-17)
(-0 -0 1.04219e-17)
(-0 -0 -5.21095e-18)
(-0 -0 2.08506e-17)
(-0 -0 -1.04422e-17)
(-0 -0 -1.0449e-17)
(-0 -0 1.04626e-17)
(-0 -0 -2.09387e-17)
(-0 -0 2.0959e-17)
(-0 -0 -1.04964e-17)
(-0 -0 6.77626e-21)
(-0 -0 5.2516e-18)
(-0 -0 1.05168e-17)
(-0 -0 -2.10471e-17)
(-0 -0 0)
(-0 -0 -5.27871e-18)
(-0 -0 2.11284e-17)
(-0 -0 5.28549e-18)
(-0 -0 -1.0571e-17)
(-0 -0 -1.05845e-17)
(-0 -0 2.65087e-17)
(-0 -0 -1.06116e-17)
(-0 -0 -6.77626e-21)
(-0 -0 6.77626e-21)
(-0 -0 -1.59581e-17)
(-0 -0 6.77626e-21)
(-0 -0 1.06591e-17)
(-0 -0 5.3397e-18)
(-0 -0 5.3397e-18)
(-0 -0 -5.34647e-18)
(-0 -0 -1.06862e-17)
(-0 -0 5.35325e-18)
(-0 -0 2.14333e-17)
(-0 -0 -1.61004e-17)
(-0 -0 -5.3668e-18)
(-0 -0 -1.07404e-17)
(-0 -0 2.15214e-17)
(-0 -0 -5.38035e-18)
(-0 -0 -5.39391e-18)
(-0 -0 2.15824e-17)
(-0 -0 0)
(-0 -0 -2.16027e-17)
(-0 -0 1.62359e-17)
(-0 -0 -1.62292e-17)
(-0 -0 -5.42101e-18)
(-0 -0 0)
(-0 -0 1.62766e-17)
(-0 -0 -1.08691e-17)
(-0 -0 -1.08759e-17)
(-0 -0 5.45489e-18)
(-0 -0 5.45489e-18)
(-0 -0 1.09166e-17)
(-0 -0 -1.63782e-17)
(-0 -0 -5.46167e-18)
(-0 -0 -6.77626e-21)
(-0 -0 5.47522e-18)
(-0 -0 2.1928e-17)
(-0 -0 -5.49555e-18)
(-0 -0 -1.09843e-17)
(-0 -0 0)
(-0 -0 -5.5091e-18)
(-0 -0 -1.10114e-17)
(-0 -0 2.75658e-17)
(-0 -0 -5.52943e-18)
(-0 -0 -5.52943e-18)
(-0 -0 1.10521e-17)
(-0 -0 -5.52943e-18)
(-0 -0 5.52943e-18)
(-0 -0 -5.54298e-18)
(-0 -0 5.54976e-18)
(-0 -0 -2.77759e-17)
(-0 -0 1.66764e-17)
(-0 -0 -5.55654e-18)
(-0 -0 6.77626e-21)
(-0 -0 5.57009e-18)
(-0 -0 5.59042e-18)
(-0 -0 -5.59719e-18)
(-0 -0 0)
(-0 -0 5.59719e-18)
(-0 -0 -1.12012e-17)
(-0 -0 0)
(-0 -0 5.61752e-18)
(-0 -0 5.6243e-18)
(-0 -0 -1.68661e-17)
(-0 -0 1.12554e-17)
(-0 -0 -1.12486e-17)
(-0 -0 1.12757e-17)
(-0 -0 0)
(-0 -0 1.1296e-17)
(-0 -0 -1.13096e-17)
(-0 -0 -1.13164e-17)
(-0 -0 2.26463e-17)
(-0 -0 0)
(-0 -0 0)
(-0 -0 -5.67851e-18)
(-0 -0 -5.69206e-18)
(-0 -0 -5.69206e-18)
(-0 -0 0)
(-0 -0 1.14112e-17)
(-0 -0 0)
(-0 -0 -5.71239e-18)
(-0 -0 1.14248e-17)
(-0 -0 5.72594e-18)
(-0 -0 -5.7395e-18)
(-0 -0 -1.71914e-17)
(-0 -0 5.74627e-18)
(-0 -0 5.74627e-18)
(-0 -0 -6.77626e-21)
(-0 -0 -5.75982e-18)
(-0 -0 5.75982e-18)
(-0 -0 -5.7666e-18)
(-0 -0 5.77338e-18)
(-0 -0 0)
(-0 -0 -5.78015e-18)
(-0 -0 0)
(-0 -0 -6.77626e-21)
(-0 -0 0)
(-0 -0 5.80048e-18)
(-0 -0 -1.16213e-17)
(-0 -0 2.32494e-17)
(-0 -0 -2.32832e-17)
(-0 -0 1.16416e-17)
(-0 -0 5.82759e-18)
(-0 -0 -5.84114e-18)
(-0 -0 -1.16891e-17)
(-0 -0 1.16755e-17)
(-0 -0 -5.84114e-18)
(-0 -0 -6.77626e-21)
(-0 -0 5.86147e-18)
(-0 -0 -1.7598e-17)
(-0 -0 1.175e-17)
(-0 -0 1.17704e-17)
(-0 -0 -1.76522e-17)
(-0 -0 1.17839e-17)
(-0 -0 1.17839e-17)
(-0 -0 -1.77199e-17)
(-0 -0 5.9089e-18)
(-0 -0 -5.90213e-18)
(-0 -0 1.18314e-17)
(-0 -0 5.92245e-18)
(-0 -0 -5.92923e-18)
(-0 -0 -5.93601e-18)
(-0 -0 0)
(-0 -0 -5.95634e-18)
(-0 -0 5.94956e-18)
(-0 -0 -5.95634e-18)
(-0 -0 6.77626e-21)
(-0 -0 -5.96311e-18)
(-0 -0 -5.97666e-18)
(-0 -0 1.79435e-17)
(-0 -0 -1.19737e-17)
(-0 -0 5.99022e-18)
(-0 -0 -5.99022e-18)
(-0 -0 0)
(-0 -0 1.20279e-17)
(-0 -0 -1.20279e-17)
(-0 -0 6.0241e-18)
(-0 -0 2.40896e-17)
(-0 -0 -6.77626e-21)
(-0 -0 -2.41438e-17)
(-0 -0 1.20889e-17)
(-0 -0 6.0512e-18)
(-0 -0 -3.02628e-17)
(-0 -0 6.77626e-21)
(-0 -0 6.06476e-18)
(-0 -0 6.07831e-18)
(-0 -0 0)
(-0 -0 -1.21634e-17)
(-0 -0 6.77626e-21)
(-0 -0 2.43674e-17)
(-0 -0 -2.43878e-17)
(-0 -0 6.09186e-18)
(-0 -0 6.10541e-18)
(-0 -0 1.22312e-17)
(-0 -0 -1.22312e-17)
(-0 -0 -6.12574e-18)
(-0 -0 1.22786e-17)
(-0 -0 -6.13252e-18)
(-0 -0 6.15285e-18)
(-0 -0 0)
(-0 -0 -6.77626e-21)
(-0 -0 6.17318e-18)
(-0 -0 -2.46724e-17)
(-0 -0 1.23599e-17)
(-0 -0 -6.77626e-21)
(-0 -0 1.23667e-17)
(-0 -0 -1.23802e-17)
(-0 -0 2.4774e-17)
(-0 -0 -2.48079e-17)
(-0 -0 6.22061e-18)
(-0 -0 -6.22061e-18)
(-0 -0 6.23416e-18)
(-0 -0 1.2448e-17)
(-0 -0 -6.23416e-18)
(-0 -0 6.24772e-18)
(-0 -0 -1.24819e-17)
(-0 -0 0)
(-0 -0 -6.25449e-18)
(-0 -0 6.26804e-18)
(-0 -0 6.77626e-21)
(-0 -0 -6.2816e-18)
(-0 -0 6.26804e-18)
(-0 -0 6.77626e-21)
(-0 -0 0)
(-0 -0 0)
(-0 -0 -6.30193e-18)
(-0 -0 6.31548e-18)
(-0 -0 6.77626e-21)
(-0 -0 0)
(-0 -0 -6.32225e-18)
(-0 -0 6.33581e-18)
(-0 -0 -6.33581e-18)
(-0 -0 -6.34258e-18)
(-0 -0 6.34258e-18)
(-0 -0 -1.27055e-17)
(-0 -0 2.54381e-17)
(-0 -0 -1.2719e-17)
(-0 -0 6.77626e-21)
(-0 -0 -1.27462e-17)
(-0 -0 1.27733e-17)
(-0 -0 9.59519e-18)
(-0 -0 -1.91904e-17)
(-0 -0 2.24159e-17)
(-0 -0 1.35525e-20)
(-0 -0 -3.20517e-18)
(-0 -0 1.2841e-17)
(-0 -0 -3.21263e-17)
(-0 -0 6.43067e-18)
(-0 -0 1.61004e-17)
(-0 -0 0)
(-0 -0 -9.68328e-18)
(-0 -0 -3.23228e-18)
(-0 -0 3.23905e-18)
(-0 -0 -6.47133e-18)
(-0 -0 -1.94275e-17)
(-0 -0 2.26734e-17)
(-0 -0 3.24583e-18)
(-0 -0 -9.75104e-18)
(-0 -0 2.27547e-17)
(-0 -0 -6.50521e-18)
(-0 -0 -2.27954e-17)
(-0 -0 1.3024e-17)
(-0 -0 0)
(-0 -0 1.95834e-17)
(-0 -0 -6.53909e-18)
(-0 -0 -9.81881e-18)
(-0 -0 -1.63647e-17)
(-0 -0 1.31121e-17)
(-0 -0 3.27971e-18)
(-0 -0 -6.5662e-18)
(-0 -0 3.28649e-18)
(-0 -0 3.30004e-18)
(-0 -0 6.77626e-21)
(-0 -0 0)
(-0 -0 2.30935e-17)
(-0 -0 -9.92045e-18)
(-0 -0 -2.31274e-17)
(-0 -0 9.92045e-18)
(-0 -0 6.62719e-18)
(-0 -0 -2.98291e-17)
(-0 -0 2.9863e-17)
(-0 -0 0)
(-0 -0 0)
(-0 -0 -2.99375e-17)
(-0 -0 1.66493e-17)
(-0 -0 -1.33492e-17)
(-0 -0 -3.3407e-18)
(-0 -0 3.67341e-17)
(-0 -0 -6.6814e-18)
(-0 -0 1.00356e-17)
(-0 -0 -5.69138e-17)
(-0 -0 4.02239e-17)
(-0 -0 -1.00695e-17)
(-0 -0 1.00695e-17)
(-0 -0 -2.35272e-17)
(-0 -0 6.72883e-18)
(-0 -0 1.68458e-17)
(-0 -0 6.77626e-21)
(-0 -0 -2.02407e-17)
(-0 -0 2.02475e-17)
(-0 -0 3.38136e-18)
(-0 -0 6.76949e-18)
(-0 -0 -6.77626e-21)
(-0 -0 -2.71186e-17)
(-0 -0 1.69678e-17)
(-0 -0 -3.38813e-18)
(-0 -0 1.69949e-17)
(-0 -0 -1.70016e-17)
(-0 -0 -6.80337e-18)
(-0 -0 -1.02322e-17)
(-0 -0 -3.40846e-18)
(-0 -0 2.73287e-17)
(-0 -0 -3.41524e-18)
(-0 -0 -2.39473e-17)
(-0 -0 4.11116e-17)
(-0 -0 -4.79895e-17)
(-0 -0 2.74506e-17)
(-0 -0 -1.37219e-17)
(-0 -0 3.09472e-17)
(-0 -0 -2.40828e-17)
(-0 -0 6.77626e-21)
(-0 -0 3.10353e-17)
(-0 -0 -3.45115e-17)
(-0 -0 6.91179e-18)
(-0 -0 -3.44912e-18)
(-0 -0 2.76878e-17)
(-0 -0 -3.46403e-17)
(-0 -0 2.77285e-17)
(-0 -0 -1.73608e-17)
(-0 -0 0)
(-0 -0 3.483e-18)
(-0 -0 1.73811e-17)
(-0 -0 3.483e-18)
(-0 -0 -4.18299e-17)
(-0 -0 3.13944e-17)
(-0 -0 2.79453e-17)
(-0 -0 -3.84553e-17)
(-0 -0 -6.98633e-18)
(-0 -0 3.50333e-18)
(-0 -0 7.00666e-18)
(-0 -0 2.10539e-17)
(-0 -0 -1.4054e-17)
(-0 -0 -6.77626e-21)
(-0 -0 -3.51688e-18)
(-0 -0 2.11487e-17)
(-0 -0 -4.23042e-17)
(-0 -0 7.06087e-18)
(-0 -0 1.05913e-17)
(-0 -0 7.06087e-18)
(-0 -0 -3.18552e-17)
(-0 -0 1.41759e-17)
(-0 -0 -2.48215e-17)
(-0 -0 5.32276e-17)
(-0 -0 -2.48824e-17)
(-0 -0 0)
(-0 -0 3.55076e-18)
(-0 -0 -1.42573e-17)
(-0 -0 1.06997e-17)
(-0 -0 -3.56431e-18)
(-0 -0 0)
(-0 -0 7.14896e-18)
(-0 -0 -2.14808e-17)
(-0 -0 4.29886e-17)
(-0 -0 3.59142e-18)
(-0 -0 -1.79503e-17)
(-0 -0 -1.79435e-17)
(-0 -0 3.23702e-17)
(-0 -0 -1.80045e-17)
(-0 -0 3.61175e-18)
(-0 -0 1.44267e-17)
(-0 -0 -3.60972e-17)
(-0 -0 2.8894e-17)
(-0 -0 -1.44673e-17)
(-0 -0 2.8955e-17)
(-0 -0 -2.17383e-17)
(-0 -0 6.77626e-21)
(-0 -0 1.44944e-17)
(-0 -0 1.45283e-17)
(-0 -0 -1.81943e-17)
(-0 -0 -2.18467e-17)
(-0 -0 -1.09301e-17)
(-0 -0 2.18806e-17)
(-0 -0 -1.46028e-17)
(-0 -0 2.9226e-17)
(-0 -0 -1.82756e-17)
(-0 -0 1.46232e-17)
(-0 -0 -3.29733e-17)
(-0 -0 -6.77626e-21)
(-0 -0 1.10182e-17)
(-0 -0 2.93887e-17)
(-0 -0 -1.47045e-17)
(-0 -0 -1.47316e-17)
(-0 -0 1.10521e-17)
(-0 -0 2.58108e-17)
(-0 -0 -4.06101e-17)
(-0 -0 -3.69306e-18)
(-0 -0 1.10927e-17)
(-0 -0 6.77626e-21)
(-0 -0 1.11198e-17)
(-0 -0 -2.96733e-17)
(-0 -0 1.85534e-17)
(-0 -0 1.85805e-17)
(-0 -0 -2.97478e-17)
(-0 -0 1.48942e-17)
(-0 -0 -3.35357e-17)
(-0 -0 1.86483e-17)
(-0 -0 2.61293e-17)
(-0 -0 0)
(-0 -0 -7.47422e-18)
(-0 -0 1.12215e-17)
(-0 -0 0)
(-0 -0 -6.77626e-21)
(-0 -0 -2.25175e-17)
(-0 -0 2.25446e-17)
(-0 -0 0)
(-0 -0 -3.77438e-18)
(-0 -0 -2.26192e-17)
(-0 -0 1.50907e-17)
(-0 -0 7.54198e-18)
(-0 -0 -3.77777e-17)
(-0 -0 1.51178e-17)
(-0 -0 1.13638e-17)
(-0 -0 3.78116e-18)
(-0 -0 -3.79471e-18)
(-0 -0 6.77626e-21)
(-0 -0 -3.80148e-18)
(-0 -0 -2.66307e-17)
(-0 -0 1.5233e-17)
(-0 -0 3.04932e-17)
(-0 -0 -2.66985e-17)
(-0 -0 3.82181e-18)
(-0 -0 1.52805e-17)
(-0 -0 -4.20738e-17)
(-0 -0 5.36002e-17)
(-0 -0 -3.06558e-17)
(-0 -0 0)
(-0 -0 7.67751e-18)
(-0 -0 -1.92039e-17)
(-0 -0 4.61599e-17)
(-0 -0 -1.92446e-17)
(-0 -0 7.71139e-18)
(-0 -0 3.85569e-18)
(-0 -0 -1.15874e-17)
(-0 -0 7.73849e-18)
(-0 -0 3.84892e-18)
(-0 -0 3.86925e-18)
(-0 -0 -2.71389e-17)
(-0 -0 -3.49045e-17)
(-0 -0 4.27176e-17)
(-0 -0 -1.94411e-17)
(-0 -0 7.77237e-18)
(-0 -0 5.45015e-17)
(-0 -0 -1.55922e-17)
(-0 -0 -2.73151e-17)
(-0 -0 1.56261e-17)
(-0 -0 -2.34526e-17)
(-0 -0 1.95563e-17)
(-0 -0 -6.77626e-21)
(-0 -0 -1.56871e-17)
(-0 -0 3.92346e-18)
(-0 -0 -1.96308e-17)
(-0 -0 1.96512e-17)
(-0 -0 1.57413e-17)
(-0 -0 3.93023e-18)
(-0 -0 -1.18246e-17)
(-0 -0 -1.57751e-17)
(-0 -0 1.58022e-17)
(-0 -0 -1.18517e-17)
(-0 -0 -7.9079e-18)
(-0 -0 3.95734e-18)
(-0 -0 1.18856e-17)
(-0 -0 -3.17536e-17)
(-0 -0 1.19127e-17)
(-0 -0 1.1933e-17)
(-0 -0 7.96211e-18)
(-0 -0 1.99019e-17)
(-0 -0 -2.39202e-17)
(-0 -0 1.19804e-17)
(-0 -0 -1.59852e-17)
(-0 -0 -1.1994e-17)
(-0 -0 -1.1994e-17)
(-0 -0 -1.20075e-17)
(-0 -0 6.01258e-17)
(-0 -0 -4.01832e-18)
(-0 -0 -4.0251e-18)
(-0 -0 -2.00916e-17)
(-0 -0 0)
(-0 -0 1.20821e-17)
(-0 -0 1.6114e-17)
(-0 -0 -2.01797e-17)
(-0 -0 -2.01797e-17)
(-0 -0 4.44726e-17)
(-0 -0 -4.04611e-17)
(-0 -0 1.61953e-17)
(-0 -0 1.62088e-17)
(-0 -0 8.10441e-18)
(-0 -0 -8.11796e-18)
(-0 -0 -1.62563e-17)
(-0 -0 1.22108e-17)
(-0 -0 -4.06576e-18)
(-0 -0 -3.66731e-17)
(-0 -0 2.85687e-17)
(-0 -0 3.26684e-17)
(-0 -0 -2.45233e-17)
(-0 -0 2.45572e-17)
(-0 -0 -1.63918e-17)
(-0 -0 -8.19928e-18)
(-0 -0 -2.05117e-17)
(-0 -0 1.23328e-17)
(-0 -0 -8.22638e-18)
(-0 -0 -6.77626e-21)
(-0 -0 -2.47063e-17)
(-0 -0 4.12268e-17)
(-0 -0 -2.47605e-17)
(-0 -0 -2.47808e-17)
(-0 -0 3.30682e-17)
(-0 -0 -4.12674e-18)
(-0 -0 4.14707e-18)
(-0 -0 3.73237e-17)
(-0 -0 -4.14843e-17)
(-0 -0 2.07489e-17)
(-0 -0 -4.15385e-18)
(-0 -0 1.24887e-17)
(-0 -0 4.1674e-18)
(-0 -0 -1.25022e-17)
(-0 -0 8.34836e-18)
(-0 -0 -4.1674e-18)
(-0 -0 2.09115e-17)
(-0 -0 -2.51061e-17)
(-0 -0 -1.67577e-17)
(-0 -0 2.51535e-17)
(-0 -0 1.25835e-17)
(-0 -0 -2.52077e-17)
(-0 -0 -2.52213e-17)
(-0 -0 4.62887e-17)
(-0 -0 -4.21213e-17)
(-0 -0 2.10742e-17)
(-0 -0 3.37526e-17)
(-0 -0 -1.26648e-17)
(-0 -0 -2.11352e-17)
(-0 -0 1.26919e-17)
(-0 -0 4.22839e-18)
(-0 -0 -3.81571e-17)
(-0 -0 -4.23516e-18)
(-0 -0 8.51099e-18)
(-0 -0 -1.27665e-17)
(-0 -0 2.97885e-17)
(-0 -0 2.55465e-17)
(-0 -0 -4.69053e-17)
(-0 -0 2.56075e-17)
(-0 -0 -1.28004e-17)
(-0 -0 6.77626e-21)
(-0 -0 -4.2826e-18)
(-0 -0 4.29615e-18)
(-0 -0 1.71575e-17)
(-0 -0 -8.57197e-18)
(-0 -0 4.28937e-18)
(-0 -0 0)
(-0 -0 -6.77626e-21)
(-0 -0 -8.60585e-18)
(-0 -0 -2.15621e-17)
(-0 -0 4.31648e-18)
(-0 -0 -1.72862e-17)
(-0 -0 1.29833e-17)
(-0 -0 1.73134e-17)
(-0 -0 6.77626e-21)
(-0 -0 2.16908e-17)
(-0 -0 -4.34087e-17)
(-0 -0 3.04119e-17)
(-0 -0 -6.77626e-21)
(-0 -0 1.7415e-17)
(-0 -0 -3.04932e-17)
(-0 -0 3.05271e-17)
(-0 -0 -6.77626e-21)
(-0 -0 -4.37747e-18)
(-0 -0 -2.18738e-17)
(-0 -0 6.77626e-21)
(-0 -0 4.38085e-17)
(-0 -0 -3.50739e-17)
(-0 -0 -4.82944e-17)
(-0 -0 8.78204e-18)
(-0 -0 2.19958e-17)
(-0 -0 4.40457e-18)
(-0 -0 4.40457e-18)
(-0 -0 6.77626e-21)
(-0 -0 -1.54499e-17)
(-0 -0 8.82947e-18)
(-0 -0 2.21245e-17)
(-0 -0 -3.54128e-17)
(-0 -0 1.55109e-17)
(-0 -0 2.65968e-17)
(-0 -0 -2.66307e-17)
(-0 -0 5.33156e-17)
(-0 -0 -6.89485e-17)
(-0 -0 -6.77626e-21)
(-0 -0 4.23313e-17)
(-0 -0 -2.45233e-17)
(-0 -0 -1.33831e-17)
(-0 -0 1.11605e-17)
(-0 -0 -1.34102e-17)
(-0 -0 5.37154e-17)
(-0 -0 -4.70408e-17)
(-0 -0 1.57006e-17)
(-0 -0 -4.49944e-18)
(-0 -0 2.4713e-17)
(-0 -0 -4.04746e-17)
(-0 -0 1.80113e-17)
(-0 -0 1.80249e-17)
(-0 -0 -6.77626e-21)
(-0 -0 -2.9348e-17)
(-0 -0 1.35525e-17)
(-0 -0 -1.35593e-17)
(-0 -0 -4.52654e-18)
(-0 -0 1.35932e-17)
(-0 -0 1.13435e-17)
(-0 -0 -3.17875e-17)
(-0 -0 2.04575e-17)
(-0 -0 1.13773e-17)
(-0 -0 1.36677e-17)
(-0 -0 -9.1073e-18)
(-0 -0 -3.1923e-17)
(-0 -0 2.2836e-17)
(-0 -0 2.74168e-17)
(-0 -0 -9.14796e-18)
(-0 -0 -1.60259e-17)
(-0 -0 -1.83366e-17)
(-0 -0 2.06473e-17)
(-0 -0 -1.60733e-17)
(-0 -0 -2.29648e-17)
(-0 -0 9.20217e-18)
(-0 -0 2.30393e-18)
(-0 -0 3.2255e-17)
(-0 -0 -2.07557e-17)
(-0 -0 -2.07692e-17)
(-0 -0 2.07896e-17)
(-0 -0 1.84992e-17)
(-0 -0 2.54584e-17)
(-0 -0 -4.40322e-17)
(-0 -0 4.17553e-17)
(-0 -0 -3.71543e-17)
(-0 -0 2.32358e-17)
(-0 -0 -2.32426e-18)
(-0 -0 -5.58635e-17)
(-0 -0 5.12624e-17)
(-0 -0 -1.6324e-17)
(-0 -0 -1.86686e-17)
(-0 -0 9.34447e-18)
(-0 -0 4.6824e-18)
(-0 -0 -2.34052e-17)
(-0 -0 2.81215e-17)
(-0 -0 2.81486e-17)
(-0 -0 -4.22636e-17)
(-0 -0 4.7095e-18)
(-0 -0 -2.35814e-18)
(-0 -0 6.77626e-21)
(-0 -0 -2.35136e-18)
(-0 -0 2.59599e-17)
(-0 -0 0)
(-0 -0 9.45966e-18)
(-0 -0 1.89261e-17)
(-0 -0 -2.84196e-17)
(-0 -0 4.26566e-17)
(-0 -0 -5.45693e-17)
(-0 -0 4.75016e-18)
(-0 -0 -4.74338e-18)
(-0 -0 4.75694e-18)
(-0 -0 -2.14401e-17)
(-0 -0 -9.5342e-18)
(-0 -0 1.43182e-17)
(-0 -0 2.38796e-17)
(-0 -0 -3.82385e-17)
(-0 -0 3.10895e-17)
(-0 -0 -5.50707e-17)
(-0 -0 5.75373e-17)
(-0 -0 -1.1994e-17)
(-0 -0 3.84214e-17)
(-0 -0 -2.40354e-17)
(-0 -0 2.40557e-17)
(-0 -0 -6.74238e-17)
(-0 -0 7.24383e-18)
(-0 -0 1.68729e-17)
(-0 -0 3.13877e-17)
(-0 -0 -2.41642e-17)
(-0 -0 -2.66104e-17)
(-0 -0 3.6314e-17)
(-0 -0 9.69683e-18)
(-0 -0 -4.84503e-18)
(-0 -0 7.29804e-18)
(-0 -0 -3.15842e-17)
(-0 -0 4.86536e-18)
(-0 -0 9.72394e-18)
(-0 -0 7.31159e-18)
(-0 -0 -3.17197e-17)
(-0 -0 2.44149e-17)
(-0 -0 -2.68882e-17)
(-0 -0 1.22244e-17)
(-0 -0 2.20364e-17)
(-0 -0 -2.69628e-17)
(-0 -0 1.96308e-17)
(-0 -0 6.77626e-21)
(-0 -0 -2.45301e-18)
(-0 -0 -1.23057e-17)
(-0 -0 1.23192e-17)
(-0 -0 1.72591e-17)
(-0 -0 -4.44184e-17)
(-0 -0 2.46656e-18)
(-0 -0 1.97731e-17)
(-0 -0 -2.47605e-17)
(-0 -0 1.98138e-17)
(-0 -0 4.96022e-18)
(-0 -0 1.73743e-17)
(-0 -0 0)
(-0 -0 -4.98055e-18)
(-0 -0 -1.24277e-17)
(-0 -0 -2.48011e-18)
(-0 -0 -1.49552e-17)
(-0 -0 2.24498e-17)
(-0 -0 9.98144e-18)
(-0 -0 -5.00088e-18)
(-0 -0 5.00088e-18)
(-0 -0 -4.50689e-17)
(-0 -0 4.76439e-17)
(-0 -0 -7.52843e-18)
(-0 -0 -2.26056e-17)
(-0 -0 1.00424e-17)
(-0 -0 1.25903e-17)
(-0 -0 5.2882e-17)
(-0 -0 -5.04154e-17)
(-0 -0 -5.04832e-18)
(-0 -0 2.52077e-18)
(-0 -0 6.77626e-21)
(-0 -0 -7.58264e-18)
(-0 -0 -1.01373e-17)
(-0 -0 3.04186e-17)
(-0 -0 1.01373e-17)
(-0 -0 5.06865e-18)
(-0 -0 -2.79656e-17)
(-0 -0 -3.81639e-17)
(-0 -0 4.32868e-17)
(-0 -0 -5.10253e-18)
(-0 -0 -2.80741e-17)
(-0 -0 5.10253e-18)
(-0 -0 -1.278e-17)
(-0 -0 5.37358e-17)
(-0 -0 5.12286e-18)
(-0 -0 7.69106e-18)
(-0 -0 1.79571e-17)
(-0 -0 -2.5682e-17)
(-0 -0 5.13641e-18)
(-0 -0 -2.05931e-17)
(-0 -0 -3.09065e-17)
(-0 -0 6.18808e-17)
(-0 -0 -2.06473e-17)
(-0 -0 5.17029e-18)
(-0 -0 -3.87806e-17)
(-0 -0 -1.29359e-17)
(-0 -0 2.58921e-17)
(-0 -0 -3.11098e-17)
(-0 -0 3.63411e-17)
(-0 -0 3.1164e-17)
(-0 -0 -4.15927e-17)
(-0 -0 -6.77626e-21)
(-0 -0 -1.56193e-17)
(-0 -0 -5.21095e-18)
(-0 -0 4.69595e-17)
(-0 -0 -2.61564e-18)
(-0 -0 -3.9221e-17)
(-0 -0 4.18705e-17)
(-0 -0 -5.50097e-17)
(-0 -0 6.81692e-17)
(-0 -0 -1.31188e-17)
(-0 -0 -4.7278e-17)
(-0 -0 1.31392e-17)
(-0 -0 2.63597e-18)
(-0 -0 5.53079e-17)
(-0 -0 -3.69306e-17)
(-0 -0 -1.58361e-17)
(-0 -0 1.05777e-17)
(-0 -0 -6.77626e-21)
(-0 -0 -1.32273e-17)
(-0 -0 1.85534e-17)
(-0 -0 -1.32544e-17)
(-0 -0 -5.31259e-18)
(-0 -0 -2.64952e-18)
(-0 -0 5.05238e-17)
(-0 -0 -4.52587e-17)
(-0 -0 2.66985e-18)
(-0 -0 8.00277e-18)
(-0 -0 -5.34647e-18)
(-0 -0 1.60394e-17)
(-0 -0 2.66307e-18)
(-0 -0 -1.87296e-17)
(-0 -0 4.28599e-17)
(-0 -0 -2.41506e-17)
(-0 -0 -3.75744e-17)
(-0 -0 -2.69018e-18)
(-0 -0 4.84096e-17)
(-0 -0 2.42319e-17)
(-0 -0 -3.23296e-17)
(-0 -0 -2.29377e-17)
(-0 -0 -2.42929e-17)
(-0 -0 4.18841e-17)
(-0 -0 6.76271e-18)
(-0 -0 -4.33139e-17)
(-0 -0 1.08352e-17)
(-0 -0 6.77626e-21)
(-0 -0 1.49349e-17)
(-0 -0 1.35525e-18)
(-0 -0 -2.72406e-18)
(-0 -0 -3.40168e-17)
(-0 -0 3.54331e-17)
(-0 -0 3.13605e-17)
(-0 -0 6.83725e-18)
(-0 -0 -2.45978e-17)
(-0 -0 1.23125e-17)
(-0 -0 -2.87449e-17)
(-0 -0 -2.05524e-17)
(-0 -0 -9.60197e-18)
(-0 -0 5.35393e-17)
(-0 -0 8.23994e-18)
(-0 -0 -9.21301e-17)
(-0 -0 6.19418e-17)
(-0 -0 6.89146e-18)
(-0 -0 -6.06747e-17)
(-0 -0 9.11069e-17)
(-0 -0 -3.04051e-17)
(-0 -0 4.7034e-17)
(-0 -0 -9.55114e-17)
(-0 -0 1.93801e-17)
(-0 -0 -9.71716e-18)
(-0 -0 3.47012e-17)
(-0 -0 5.56331e-18)
(-0 -0 5.56331e-18)
(-0 -0 -1.94885e-17)
(-0 -0 -6.77626e-21)
(-0 -0 -1.95292e-17)
(-0 -0 4.74677e-17)
(-0 -0 -2.0959e-17)
(-0 -0 -5.17368e-17)
(-0 -0 5.17978e-17)
(-0 -0 5.61075e-18)
(-0 -0 2.52484e-17)
(-0 -0 -3.08659e-17)
(-0 -0 -1.26445e-17)
(-0 -0 2.10945e-17)
(-0 -0 -5.63108e-17)
(-0 -0 2.81893e-18)
(-0 -0 5.64124e-17)
(-0 -0 -2.39947e-17)
(-0 -0 2.96665e-17)
(-0 -0 1.2719e-17)
(-0 -0 1.27394e-17)
(-0 -0 -8.07595e-17)
(-0 -0 7.51623e-17)
(-0 -0 -2.98088e-17)
(-0 -0 1.42098e-17)
(-0 -0 -3.69781e-17)
(-0 -0 2.70441e-17)
(-0 -0 1.56803e-17)
(-0 -0 -1.28546e-17)
(-0 -0 -1.2841e-17)
(-0 -0 6.57433e-17)
(-0 -0 -8.0109e-17)
(-0 -0 1.14587e-17)
(-0 -0 1.57684e-17)
(-0 -0 -3.87263e-17)
(-0 -0 2.8711e-17)
(-0 -0 8.62618e-18)
(-0 -0 -5.75305e-18)
(-0 -0 -6.77626e-21)
(-0 -0 1.29698e-17)
(-0 -0 -2.16434e-17)
(-0 -0 2.31071e-17)
(-0 -0 -1.15671e-17)
(-0 -0 -3.7615e-17)
(-0 -0 5.50165e-17)
(-0 -0 -1.01508e-17)
(-0 -0 -1.88583e-17)
(-0 -0 1.88787e-17)
(-0 -0 -7.70122e-17)
(-0 -0 1.01847e-17)
(-0 -0 6.84267e-17)
(-0 -0 -4.08067e-17)
(-0 -0 -1.45012e-18)
(-0 -0 4.08744e-17)
(-0 -0 -2.1928e-17)
(-0 -0 1.31527e-17)
(-0 -0 -2.19754e-17)
(-0 -0 -1.90481e-17)
(-0 -0 2.63935e-17)
(-0 -0 2.78911e-17)
(-0 -0 -1.76386e-17)
(-0 -0 -1.46367e-18)
(-0 -0 -2.50247e-17)
(-0 -0 3.83198e-17)
(-0 -0 -3.39288e-17)
(-0 -0 5.6121e-17)
(-0 -0 -2.07015e-17)
(-0 -0 -6.80405e-17)
(-0 -0 2.51806e-17)
(-0 -0 3.70594e-17)
(-0 -0 -7.43356e-18)
(-0 -0 -1.48536e-17)
(-0 -0 3.86383e-17)
(-0 -0 -2.3805e-17)
(-0 -0 -7.44711e-18)
(-0 -0 -1.34238e-17)
(-0 -0 3.87941e-17)
(-0 -0 -1.49213e-17)
(-0 -0 -2.24227e-17)
(-0 -0 -7.46744e-18)
(-0 -0 -1.484e-18)
(-0 -0 2.54923e-17)
(-0 -0 2.40015e-17)
(-0 -0 -2.40286e-17)
(-0 -0 -1.35254e-17)
(-0 -0 5.41627e-17)
(-0 -0 1.49755e-18)
(-0 -0 -4.67359e-17)
(-0 -0 -1.20685e-17)
(-0 -0 -2.11352e-17)
(-0 -0 7.48303e-17)
(-0 -0 2.27005e-18)
(-0 -0 1.58971e-17)
(-0 -0 -2.19754e-17)
(-0 -0 1.21295e-17)
(-0 -0 -4.86197e-17)
(-0 -0 3.4952e-17)
(-0 -0 -3.34747e-17)
(-0 -0 1.67441e-17)
(-0 -0 4.5672e-18)
(-0 -0 -9.15473e-18)
(-0 -0 -1.3749e-17)
(-0 -0 -2.44488e-17)
(-0 -0 6.121e-17)
(-0 -0 -4.44116e-17)
(-0 -0 2.83654e-17)
(-0 -0 1.76589e-17)
(-0 -0 -3.14893e-17)
(-0 -0 1.23057e-17)
(-0 -0 -4.38492e-17)
(-0 -0 1.07878e-17)
(-0 -0 -2.85077e-17)
(-0 -0 6.86707e-17)
(-0 -0 -1.23464e-17)
(-0 -0 5.71984e-17)
(-0 -0 -7.42746e-17)
(-0 -0 -7.65718e-19)
(-0 -0 -4.88365e-17)
(-0 -0 5.1215e-17)
(-0 -0 -9.32414e-18)
(-0 -0 -1.08759e-17)
(-0 -0 3.42337e-17)
(-0 -0 4.20603e-17)
(-0 -0 -5.14454e-17)
(-0 -0 9.35802e-18)
(-0 -0 3.20246e-17)
(-0 -0 -3.9099e-17)
(-0 -0 2.35814e-18)
(-0 -0 -1.0964e-17)
(-0 -0 1.175e-17)
(-0 -0 2.11894e-17)
(-0 -0 -1.41353e-17)
(-0 -0 -1.6507e-17)
(-0 -0 -1.73066e-17)
(-0 -0 1.73405e-17)
(-0 -0 -6.30193e-18)
(-0 -0 5.52469e-17)
(-0 -0 -4.66004e-17)
(-0 -0 -1.50094e-17)
(-0 -0 7.9079e-18)
(-0 -0 1.90142e-17)
(-0 -0 -6.34258e-18)
(-0 -0 6.34733e-17)
(-0 -0 -9.45153e-17)
(-0 -0 -5.57686e-18)
(-0 -0 1.83027e-17)
(-0 -0 1.5992e-18)
(-0 -0 3.18484e-18)
(-0 -0 -3.6707e-17)
(-0 -0 -1.75641e-17)
(-0 -0 5.51656e-17)
(-0 -0 -2.72203e-17)
(-0 -0 3.92413e-17)
(-0 -0 1.76386e-17)
(-0 -0 -3.20992e-17)
(-0 -0 2.40557e-18)
(-0 -0 -5.6243e-18)
(-0 -0 -2.81486e-17)
(-0 -0 5.63785e-18)
(-0 -0 8.06375e-18)
(-0 -0 1.89668e-17)
(-0 -0 -3.1103e-17)
(-0 -0 3.63885e-17)
(-0 -0 -1.21973e-18)
(-0 -0 4.21213e-17)
(-0 -0 -9.73071e-18)
(-0 -0 1.21769e-17)
(-0 -0 -6.49844e-17)
(-0 -0 4.18638e-17)
(-0 -0 4.72035e-17)
(-0 -0 -5.29497e-17)
(-0 -0 -2.52687e-17)
(-0 -0 6.16233e-17)
(-0 -0 -3.83943e-17)
(-0 -0 -2.73897e-17)
(-0 -0 -2.45301e-18)
(-0 -0 4.62954e-17)
(-0 -0 -2.70712e-17)
(-0 -0 -4.01968e-17)
(-0 -0 3.86044e-17)
(-0 -0 4.15317e-17)
(-0 -0 -2.42794e-17)
(-0 -0 3.70662e-18)
(-0 -0 -4.658e-17)
(-0 -0 -3.30004e-18)
(-0 -0 -7.02021e-18)
(-0 -0 3.12182e-17)
(-0 -0 8.26704e-19)
(-0 -0 1.61478e-17)
(-0 -0 -2.11487e-17)
(-0 -0 9.75782e-18)
(-0 -0 6.3541e-17)
(-0 -0 -5.7395e-17)
(-0 -0 2.43471e-17)
(-0 -0 -1.16619e-17)
(-0 -0 -2.50112e-17)
(-0 -0 5.84114e-18)
(-0 -0 -1.54634e-17)
(-0 -0 5.2882e-17)
(-0 -0 -2.95039e-17)
(-0 -0 -1.67509e-17)
(-0 -0 5.2516e-18)
(-0 -0 7.07103e-17)
(-0 -0 -4.71492e-17)
(-0 -0 -2.89008e-17)
(-0 -0 -1.98883e-17)
(-0 -0 6.77152e-17)
(-0 -0 -2.30867e-17)
(-0 -0 -3.43895e-17)
(-0 -0 6.64751e-18)
(-0 -0 3.15977e-17)
(-0 -0 6.08508e-18)
(-0 -0 2.53161e-17)
(-0 -0 -4.2826e-17)
(-0 -0 4.59363e-17)
(-0 -0 -2.37169e-19)
(-0 -0 -2.45301e-17)
(-0 -0 4.69595e-18)
(-0 -0 -4.00274e-17)
(-0 -0 -9.15473e-18)
)
;

boundaryField
{
    bottom
    {
        type            calculated;
        value           uniform (-0 -0 -2.11758e-21);
    }
    top
    {
        type            calculated;
        value           uniform (-0 -0 4.61938e-17);
    }
    sidesX
    {
        type            empty;
    }
    sidesY
    {
        type            empty;
    }
}


// ************************************************************************* //
