/*--------------------------------*- C++ -*----------------------------------*\
| =========                 |                                                 |
| \\      /  F ield         | OpenFOAM: The Open Source CFD Toolbox           |
|  \\    /   O peration     | Version:  v2012                                 |
|   \\  /    A nd           | Website:  www.openfoam.com                      |
|    \\/     M anipulation  |                                                 |
\*---------------------------------------------------------------------------*/
FoamFile
{
    version     2.0;
    format      ascii;
    class       vectorField;
    location    "constant/polyMesh";
    object      points;
}
// * * * * * * * * * * * * * * * * * * * * * * * * * * * * * * * * * * * * * //


404
(
(0 0 0)
(0.25 0 0)
(0 0.01 0)
(0.25 0.01 0)
(0 0 0.03132630224)
(0.25 0 0.03132630224)
(0 0.01 0.03132630224)
(0.25 0.01 0.03132630224)
(0 0 0.06171887161)
(0.25 0 0.06171887161)
(0 0.01 0.06171887161)
(0.25 0.01 0.06171887161)
(0 0 0.09120553958)
(0.25 0 0.09120553958)
(0 0.01 0.09120553958)
(0.25 0.01 0.09120553958)
(0 0 0.1198133081)
(0.25 0 0.1198133081)
(0 0.01 0.1198133081)
(0.25 0.01 0.1198133081)
(0 0 0.1475683741)
(0.25 0 0.1475683741)
(0 0.01 0.1475683741)
(0.25 0.01 0.1475683741)
(0 0 0.174496154)
(0.25 0 0.174496154)
(0 0.01 0.174496154)
(0.25 0.01 0.174496154)
(0 0 0.2006213063)
(0.25 0 0.2006213063)
(0 0.01 0.2006213063)
(0.25 0.01 0.2006213063)
(0 0 0.2259677547)
(0.25 0 0.2259677547)
(0 0.01 0.2259677547)
(0.25 0.01 0.2259677547)
(0 0 0.2505587098)
(0.25 0 0.2505587098)
(0 0.01 0.2505587098)
(0.25 0.01 0.2505587098)
(0 0 0.2744166903)
(0.25 0 0.2744166903)
(0 0.01 0.2744166903)
(0.25 0.01 0.2744166903)
(0 0 0.2975635438)
(0.25 0 0.2975635438)
(0 0.01 0.2975635438)
(0.25 0.01 0.2975635438)
(0 0 0.3200204665)
(0.25 0 0.3200204665)
(0 0.01 0.3200204665)
(0.25 0.01 0.3200204665)
(0 0 0.3418080231)
(0.25 0 0.3418080231)
(0 0.01 0.3418080231)
(0.25 0.01 0.3418080231)
(0 0 0.3629461651)
(0.25 0 0.3629461651)
(0 0.01 0.3629461651)
(0.25 0.01 0.3629461651)
(0 0 0.3834542494)
(0.25 0 0.3834542494)
(0 0.01 0.3834542494)
(0.25 0.01 0.3834542494)
(0 0 0.403351056)
(0.25 0 0.403351056)
(0 0.01 0.403351056)
(0.25 0.01 0.403351056)
(0 0 0.4226548049)
(0.25 0 0.4226548049)
(0 0.01 0.4226548049)
(0.25 0.01 0.4226548049)
(0 0 0.4413831732)
(0.25 0 0.4413831732)
(0 0.01 0.4413831732)
(0.25 0.01 0.4413831732)
(0 0 0.4595533112)
(0.25 0 0.4595533112)
(0 0.01 0.4595533112)
(0.25 0.01 0.4595533112)
(0 0 0.4771818578)
(0.25 0 0.4771818578)
(0 0.01 0.4771818578)
(0.25 0.01 0.4771818578)
(0 0 0.4942849561)
(0.25 0 0.4942849561)
(0 0.01 0.4942849561)
(0.25 0.01 0.4942849561)
(0 0 0.5108782679)
(0.25 0 0.5108782679)
(0 0.01 0.5108782679)
(0.25 0.01 0.5108782679)
(0 0 0.5269769883)
(0.25 0 0.5269769883)
(0 0.01 0.5269769883)
(0.25 0.01 0.5269769883)
(0 0 0.5425958593)
(0.25 0 0.5425958593)
(0 0.01 0.5425958593)
(0.25 0.01 0.5425958593)
(0 0 0.5577491838)
(0.25 0 0.5577491838)
(0 0.01 0.5577491838)
(0.25 0.01 0.5577491838)
(0 0 0.5724508381)
(0.25 0 0.5724508381)
(0 0.01 0.5724508381)
(0.25 0.01 0.5724508381)
(0 0 0.5867142849)
(0.25 0 0.5867142849)
(0 0.01 0.5867142849)
(0.25 0.01 0.5867142849)
(0 0 0.6005525859)
(0.25 0 0.6005525859)
(0 0.01 0.6005525859)
(0.25 0.01 0.6005525859)
(0 0 0.6139784131)
(0.25 0 0.6139784131)
(0 0.01 0.6139784131)
(0.25 0.01 0.6139784131)
(0 0 0.6270040611)
(0.25 0 0.6270040611)
(0 0.01 0.6270040611)
(0.25 0.01 0.6270040611)
(0 0 0.6396414578)
(0.25 0 0.6396414578)
(0 0.01 0.6396414578)
(0.25 0.01 0.6396414578)
(0 0 0.6519021758)
(0.25 0 0.6519021758)
(0 0.01 0.6519021758)
(0.25 0.01 0.6519021758)
(0 0 0.6637974426)
(0.25 0 0.6637974426)
(0 0.01 0.6637974426)
(0.25 0.01 0.6637974426)
(0 0 0.675338151)
(0.25 0 0.675338151)
(0 0.01 0.675338151)
(0.25 0.01 0.675338151)
(0 0 0.6865348693)
(0.25 0 0.6865348693)
(0 0.01 0.6865348693)
(0.25 0.01 0.6865348693)
(0 0 0.6973978506)
(0.25 0 0.6973978506)
(0 0.01 0.6973978506)
(0.25 0.01 0.6973978506)
(0 0 0.7079370427)
(0.25 0 0.7079370427)
(0 0.01 0.7079370427)
(0.25 0.01 0.7079370427)
(0 0 0.7181620964)
(0.25 0 0.7181620964)
(0 0.01 0.7181620964)
(0.25 0.01 0.7181620964)
(0 0 0.7280823753)
(0.25 0 0.7280823753)
(0 0.01 0.7280823753)
(0.25 0.01 0.7280823753)
(0 0 0.7377069637)
(0.25 0 0.7377069637)
(0 0.01 0.7377069637)
(0.25 0.01 0.7377069637)
(0 0 0.7470446752)
(0.25 0 0.7470446752)
(0 0.01 0.7470446752)
(0.25 0.01 0.7470446752)
(0 0 0.7561040605)
(0.25 0 0.7561040605)
(0 0.01 0.7561040605)
(0.25 0.01 0.7561040605)
(0 0 0.7648934157)
(0.25 0 0.7648934157)
(0 0.01 0.7648934157)
(0.25 0.01 0.7648934157)
(0 0 0.7734207894)
(0.25 0 0.7734207894)
(0 0.01 0.7734207894)
(0.25 0.01 0.7734207894)
(0 0 0.7816939905)
(0.25 0 0.7816939905)
(0 0.01 0.7816939905)
(0.25 0.01 0.7816939905)
(0 0 0.7897205949)
(0.25 0 0.7897205949)
(0 0.01 0.7897205949)
(0.25 0.01 0.7897205949)
(0 0 0.797507953)
(0.25 0 0.797507953)
(0 0.01 0.797507953)
(0.25 0.01 0.797507953)
(0 0 0.8050631959)
(0.25 0 0.8050631959)
(0 0.01 0.8050631959)
(0.25 0.01 0.8050631959)
(0 0 0.8123932421)
(0.25 0 0.8123932421)
(0 0.01 0.8123932421)
(0.25 0.01 0.8123932421)
(0 0 0.819504804)
(0.25 0 0.819504804)
(0 0.01 0.819504804)
(0.25 0.01 0.819504804)
(0 0 0.8264043939)
(0.25 0 0.8264043939)
(0 0.01 0.8264043939)
(0.25 0.01 0.8264043939)
(0 0 0.83309833)
(0.25 0 0.83309833)
(0 0.01 0.83309833)
(0.25 0.01 0.83309833)
(0 0 0.8395927421)
(0.25 0 0.8395927421)
(0 0.01 0.8395927421)
(0.25 0.01 0.8395927421)
(0 0 0.8458935773)
(0.25 0 0.8458935773)
(0 0.01 0.8458935773)
(0.25 0.01 0.8458935773)
(0 0 0.8520066057)
(0.25 0 0.8520066057)
(0 0.01 0.8520066057)
(0.25 0.01 0.8520066057)
(0 0 0.857937425)
(0.25 0 0.857937425)
(0 0.01 0.857937425)
(0.25 0.01 0.857937425)
(0 0 0.8636914663)
(0.25 0 0.8636914663)
(0 0.01 0.8636914663)
(0.25 0.01 0.8636914663)
(0 0 0.8692739987)
(0.25 0 0.8692739987)
(0 0.01 0.8692739987)
(0.25 0.01 0.8692739987)
(0 0 0.8746901345)
(0.25 0 0.8746901345)
(0 0.01 0.8746901345)
(0.25 0.01 0.8746901345)
(0 0 0.8799448332)
(0.25 0 0.8799448332)
(0 0.01 0.8799448332)
(0.25 0.01 0.8799448332)
(0 0 0.8850429069)
(0.25 0 0.8850429069)
(0 0.01 0.8850429069)
(0.25 0.01 0.8850429069)
(0 0 0.8899890239)
(0.25 0 0.8899890239)
(0 0.01 0.8899890239)
(0.25 0.01 0.8899890239)
(0 0 0.8947877137)
(0.25 0 0.8947877137)
(0 0.01 0.8947877137)
(0.25 0.01 0.8947877137)
(0 0 0.8994433704)
(0.25 0 0.8994433704)
(0 0.01 0.8994433704)
(0.25 0.01 0.8994433704)
(0 0 0.9039602575)
(0.25 0 0.9039602575)
(0 0.01 0.9039602575)
(0.25 0.01 0.9039602575)
(0 0 0.9083425113)
(0.25 0 0.9083425113)
(0 0.01 0.9083425113)
(0.25 0.01 0.9083425113)
(0 0 0.9125941446)
(0.25 0 0.9125941446)
(0 0.01 0.9125941446)
(0.25 0.01 0.9125941446)
(0 0 0.9167190509)
(0.25 0 0.9167190509)
(0 0.01 0.9167190509)
(0.25 0.01 0.9167190509)
(0 0 0.9207210075)
(0.25 0 0.9207210075)
(0 0.01 0.9207210075)
(0.25 0.01 0.9207210075)
(0 0 0.924603679)
(0.25 0 0.924603679)
(0 0.01 0.924603679)
(0.25 0.01 0.924603679)
(0 0 0.928370621)
(0.25 0 0.928370621)
(0 0.01 0.928370621)
(0.25 0.01 0.928370621)
(0 0 0.932025283)
(0.25 0 0.932025283)
(0 0.01 0.932025283)
(0.25 0.01 0.932025283)
(0 0 0.9355710117)
(0.25 0 0.9355710117)
(0 0.01 0.9355710117)
(0.25 0.01 0.9355710117)
(0 0 0.939011054)
(0.25 0 0.939011054)
(0 0.01 0.939011054)
(0.25 0.01 0.939011054)
(0 0 0.9423485601)
(0.25 0 0.9423485601)
(0 0.01 0.9423485601)
(0.25 0.01 0.9423485601)
(0 0 0.9455865862)
(0.25 0 0.9455865862)
(0 0.01 0.9455865862)
(0.25 0.01 0.9455865862)
(0 0 0.9487280976)
(0.25 0 0.9487280976)
(0 0.01 0.9487280976)
(0.25 0.01 0.9487280976)
(0 0 0.9517759709)
(0.25 0 0.9517759709)
(0 0.01 0.9517759709)
(0.25 0.01 0.9517759709)
(0 0 0.9547329973)
(0.25 0 0.9547329973)
(0 0.01 0.9547329973)
(0.25 0.01 0.9547329973)
(0 0 0.9576018845)
(0.25 0 0.9576018845)
(0 0.01 0.9576018845)
(0.25 0.01 0.9576018845)
(0 0 0.9603852598)
(0.25 0 0.9603852598)
(0 0.01 0.9603852598)
(0.25 0.01 0.9603852598)
(0 0 0.9630856719)
(0.25 0 0.9630856719)
(0 0.01 0.9630856719)
(0.25 0.01 0.9630856719)
(0 0 0.9657055937)
(0.25 0 0.9657055937)
(0 0.01 0.9657055937)
(0.25 0.01 0.9657055937)
(0 0 0.9682474243)
(0.25 0 0.9682474243)
(0 0.01 0.9682474243)
(0.25 0.01 0.9682474243)
(0 0 0.9707134915)
(0.25 0 0.9707134915)
(0 0.01 0.9707134915)
(0.25 0.01 0.9707134915)
(0 0 0.9731060533)
(0.25 0 0.9731060533)
(0 0.01 0.9731060533)
(0.25 0.01 0.9731060533)
(0 0 0.9754273009)
(0.25 0 0.9754273009)
(0 0.01 0.9754273009)
(0.25 0.01 0.9754273009)
(0 0 0.9776793598)
(0.25 0 0.9776793598)
(0 0.01 0.9776793598)
(0.25 0.01 0.9776793598)
(0 0 0.9798642923)
(0.25 0 0.9798642923)
(0 0.01 0.9798642923)
(0.25 0.01 0.9798642923)
(0 0 0.9819840993)
(0.25 0 0.9819840993)
(0 0.01 0.9819840993)
(0.25 0.01 0.9819840993)
(0 0 0.9840407218)
(0.25 0 0.9840407218)
(0 0.01 0.9840407218)
(0.25 0.01 0.9840407218)
(0 0 0.9860360433)
(0.25 0 0.9860360433)
(0 0.01 0.9860360433)
(0.25 0.01 0.9860360433)
(0 0 0.9879718908)
(0.25 0 0.9879718908)
(0 0.01 0.9879718908)
(0.25 0.01 0.9879718908)
(0 0 0.9898500372)
(0.25 0 0.9898500372)
(0 0.01 0.9898500372)
(0.25 0.01 0.9898500372)
(0 0 0.9916722023)
(0.25 0 0.9916722023)
(0 0.01 0.9916722023)
(0.25 0.01 0.9916722023)
(0 0 0.9934400547)
(0.25 0 0.9934400547)
(0 0.01 0.9934400547)
(0.25 0.01 0.9934400547)
(0 0 0.9951552134)
(0.25 0 0.9951552134)
(0 0.01 0.9951552134)
(0.25 0.01 0.9951552134)
(0 0 0.9968192488)
(0.25 0 0.9968192488)
(0 0.01 0.9968192488)
(0.25 0.01 0.9968192488)
(0 0 0.9984336849)
(0.25 0 0.9984336849)
(0 0.01 0.9984336849)
(0.25 0.01 0.9984336849)
(0 0 1)
(0.25 0 1)
(0 0.01 1)
(0.25 0.01 1)
)


// ************************************************************************* //
